100 250 500 750 1000 2000 3000 4000 5000
pyBW app.
percent_error 0.0 0.0 0.0 0.0 0.1255898975443818 0.05363061716101005 0.03516239397782826 0.09114127662993389 0.0872880761094697 
ms_error 0.0 0.0 0.0 0.0 0.009614450397700878 0.002489896757230671 0.001189051425561025 0.006303718794535448 0.004427075879693718 
abs_error 0.0 0.0 0.0 0.0 0.051019112880215656 0.02566465470799298 0.0172076873705434 0.04068223963535588 0.034312059961004726 
not_included 0 0 0 0 115 65 41 110 73 
pyBG app. bin=int_size/5
percent_error 0.027601375743358515 0.04745728629503228 0.0491108766046854 0.054597972382494406 0.053525897676317845 0.043793727190370405 0.041546392491791324 0.04293078485805028 0.055367852665741034 
ms_error 0.00010953721421617149 0.0002808179026428921 0.0006159499664418266 0.0011466739867647669 0.0012396673032702362 0.0015004678126523644 0.0013738122701848637 0.001680300856727501 0.0013561265233874489 
abs_error 0.005189892998183158 0.009726129956046546 0.014761833659078948 0.018450516034795073 0.01997955074487977 0.021119632216556147 0.02019500018741402 0.01986903295716306 0.01863349436680269 
not_included 204 168 101 64 64 47 54 45 58 
pyBG app. bin=int_size/10
percent_error 0.007937281305649063 0.01582856813478391 0.017660041109951733 0.019287141982450018 0.019992331112646176 0.021770365915873283 0.022637650732878375 0.023072913579158052 0.027931372131068957 
ms_error 1.4003339739675452e-05 3.4967929000386607e-05 7.714207025811588e-05 0.00012992536987522946 0.00014370923197042264 0.00037118695087324616 0.0003828619445650306 0.000492815775951327 0.0003861880482689327 
abs_error 0.001515717421824132 0.003115067760223713 0.0049211605103086885 0.006347578452806764 0.007437524776471558 0.010203431913942518 0.010684839748541801 0.010667800707414951 0.010312640751472656 
not_included 100 90 56 34 35 33 29 24 24 
pyBG app. bin=int_size/20
percent_error 0.0023795153150226347 0.0043935506926139276 0.006809937525717982 0.0058877364890989655 0.006642728765818783 0.00796556814763294 0.009999133944000016 0.011327545640533081 0.014440122774235255 
ms_error 1.779992921913595e-06 3.874237287275626e-06 8.994279071800119e-06 1.5084484540131766e-05 1.828557057209939e-05 3.836520039820925e-05 6.776743905444761e-05 8.827324730997144e-05 8.268088559439002e-05 
abs_error 0.00039960965562304597 0.0008652198769200574 0.0015462909547369775 0.0020888120644183814 0.002490219640070074 0.0037650646115555027 0.004686950850304104 0.005085920911696702 0.0052670404881512214 
not_included 49 35 25 16 19 13 18 15 13 
