100 250 500 750 1000 2000 3000 4000 5000
pyBW exact
0.5468895435333252 0.5552518367767334 0.5612859725952148 0.5659401416778564 0.5704860687255859 0.5921521186828613 0.6113274097442627 0.6318137645721436 0.6501026153564453
pyBW app.
0.5504586696624756 0.5558180809020996 0.5630149841308594 0.5680351257324219 1.0654127597808838 1.0648713111877441 1.0711588859558105 1.1084046363830566 1.1100058555603027
pyBG exact
0.002118349075317383 0.0025136470794677734 0.0028493404388427734 0.0030317306518554688 0.003283262252807617 0.003887176513671875 0.004499912261962891 0.004995584487915039 0.005525350570678711
pyBG app. bin=int_size/5
0.0011985301971435547 0.0010745525360107422 0.0010235309600830078 0.0009758472442626953 0.000942230224609375 0.00083160400390625 0.0007781982421875 0.0007817745208740234 0.0007107257843017578
pyBG app. bin=int_size/10
0.0014917850494384766 0.0013396739959716797 0.0012145042419433594 0.0011858940124511719 0.001176595687866211 0.0010640621185302734 0.0009999275207519531 0.0009312629699707031 0.000885009765625
pyBG app. bin=int_size/20
0.00188446044921875 0.0016894340515136719 0.001573324203491211 0.0014810562133789062 0.001466512680053711 0.0013704299926757812 0.0013127326965332031 0.0012462139129638672 0.0012159347534179688
