100000 200000 300000 400000 500000 600000 700000 800000 900000 1000000
pyBW exact
5.58476996421814 11.165953874588013 16.716891288757324 22.26030993461609 27.794432640075684 33.36217212677002 38.969850301742554 44.54461741447449 50.0186083316803 55.591256618499756
pyBW app.
5.592971324920654 11.19382357597351 16.755027770996094 22.34658670425415 27.883708000183105 33.44572854042053 39.0552191734314 44.64768385887146 50.19605493545532 55.77420520782471
pyBG exact
0.02698993682861328 0.05366659164428711 0.07961153984069824 0.10454750061035156 0.129561185836792 0.15408730506896973 0.17930269241333008 0.20667147636413574 0.23084163665771484 0.25672054290771484
pyBG app. bin=100
0.00892782211303711 0.018158435821533203 0.0272219181060791 0.03765249252319336 0.04524970054626465 0.05403542518615723 0.06383514404296875 0.07250547409057617 0.08115887641906738 0.08953070640563965
pyBG app. bin=50
0.011414051055908203 0.022235870361328125 0.03418374061584473 0.04518890380859375 0.05736851692199707 0.06915688514709473 0.07913517951965332 0.09147953987121582 0.10082268714904785 0.11152052879333496
pyBG app. bin=25
0.014428138732910156 0.028119325637817383 0.04208564758300781 0.05608534812927246 0.07014203071594238 0.08281612396240234 0.09684872627258301 0.10982203483581543 0.12325024604797363 0.13695597648620605
