100 250 500 750 1000 2000 3000 4000 5000
pyBW app.
percent_error 0.0 0.0 0.0 0.0 0.11725755989202973 0.05422910329705201 0.03545551073244076 0.11007029206199043 0.11254753988357953 
ms_error 0.0 0.0 0.0 0.0 0.005943198756672125 0.0013720073829967558 0.0006831001070723605 0.006145776735925035 0.004177559828897754 
abs_error 0.0 0.0 0.0 0.0 0.030338007845134313 0.014577820006934248 0.010362342407446889 0.032698871566047664 0.0254795768061305 
not_included 0 0 0 0 112 68 40 119 77 
pyBG app. bin=int_size/5
percent_error 0.11311057212858887 0.14082550387512668 0.1358740923817953 0.13000089381483218 0.1260334103954381 0.12077334906098149 0.11928985658117308 0.11917989564189116 0.11940170786419196 
ms_error 0.004644835123622211 0.011311383335878986 0.01560629994473829 0.01601881177076455 0.01824479669972832 0.01892516035251131 0.015637388865586112 0.015021970438459993 0.012109574011173688 
abs_error 0.033115892419007774 0.04533058389505838 0.04853824106184703 0.04862201860833719 0.049775400933874385 0.05102560638193411 0.050852388781095985 0.051749474227546784 0.05004165468800989 
not_included 0 0 0 0 0 0 0 0 0 
pyBG app. bin=int_size/10
percent_error 0.05841457941295636 0.07562807064418237 0.07433691485924643 0.0732782707316683 0.07215751164888952 0.06858736421705297 0.06699031938889652 0.06683962104160218 0.06741553764988913 
ms_error 0.001244850477455092 0.003234393300269491 0.0034442091051494757 0.004112232743465541 0.005161365514951102 0.004763308944700394 0.005050758550776639 0.005092390256827979 0.004248415188159154 
abs_error 0.015548237713821066 0.0223818799303893 0.02471417465715216 0.02613752801219552 0.027281288973392503 0.026567598934494084 0.027003462985147934 0.02752631386780074 0.026992451937169863 
not_included 0 0 0 0 0 0 0 0 0 
pyBG app. bin=int_size/20
percent_error 0.029099768054419883 0.03811607684667887 0.039855190614204145 0.03615878762303158 0.040006492671258435 0.039566183190094896 0.03877532096534054 0.037857070115643716 0.03866039801154273 
ms_error 0.00023198772347116114 0.0006508404787810801 0.0009077457957586103 0.000993565111117182 0.0014164653128035417 0.001344632395870367 0.001349696801045622 0.0014412204539931384 0.0012849656876695451 
abs_error 0.006670631542433472 0.010338964889619532 0.012341565197505474 0.012051294836860236 0.014153584282764354 0.014561555027342072 0.014679682382917593 0.014664407846232925 0.014473271130700672 
not_included 0 0 0 0 0 0 0 0 0 
