100 250 500 750 1000 2000 3000 4000 5000
pyBW exact
0.5164570808410645 0.5192642211914062 0.5252106189727783 0.5327455997467041 0.5407369136810303 0.5631747245788574 0.58670973777771 0.6097438335418701 0.6335544586181641
pyBW app.
0.5154404640197754 0.5206749439239502 0.5265791416168213 0.5350019931793213 1.041017770767212 1.0441334247589111 1.051501750946045 1.1009924411773682 1.1017940044403076
pyBG exact
0.0020427703857421875 0.0025565624237060547 0.002846240997314453 0.0031480789184570312 0.0032892227172851562 0.00403594970703125 0.0046808719635009766 0.005340576171875 0.005961179733276367
pyBG app. bin=int_size/5
0.0011866092681884766 0.0010836124420166016 0.00101470947265625 0.0009710788726806641 0.0009410381317138672 0.0008332729339599609 0.0008270740509033203 0.0007240772247314453 0.0006794929504394531
pyBG app. bin=int_size/10
0.001506805419921875 0.0012979507446289062 0.0012090206146240234 0.00121307373046875 0.0011970996856689453 0.001074075698852539 0.0009789466857910156 0.0009772777557373047 0.0009694099426269531
pyBG app. bin=int_size/20
0.0018465518951416016 0.0016748905181884766 0.0015120506286621094 0.0015151500701904297 0.0014069080352783203 0.0013539791107177734 0.0013308525085449219 0.0012402534484863281 0.0011858940124511719
