100000 200000 300000 400000 500000 600000 700000 800000 900000 1000000
pyBW exact
5.239255428314209 10.455758810043335 15.694871664047241 20.94796347618103 26.152593851089478 31.420035362243652 36.553795337677 41.88023090362549 47.07528352737427 52.30582928657532
pyBW app.
5.243342161178589 10.492754220962524 15.718603610992432 20.963255882263184 26.17095398902893 31.43048596382141 36.614710330963135 41.80430006980896 47.06335186958313 52.282333850860596
pyBG exact
0.027170896530151367 0.054088592529296875 0.07998418807983398 0.10532450675964355 0.13045859336853027 0.15617704391479492 0.17992687225341797 0.2070925235748291 0.2302253246307373 0.25539517402648926
pyBG app. bin=100
0.007721662521362305 0.015269041061401367 0.02287912368774414 0.030518054962158203 0.03843045234680176 0.0456540584564209 0.05421614646911621 0.06087183952331543 0.06856822967529297 0.07595944404602051
pyBG app. bin=50
0.012134552001953125 0.024287700653076172 0.03560209274291992 0.048362016677856445 0.05948591232299805 0.07197928428649902 0.08268189430236816 0.09428787231445312 0.10589790344238281 0.11778855323791504
pyBG app. bin=25
0.01492166519165039 0.02959609031677246 0.04438924789428711 0.05912947654724121 0.07387232780456543 0.08870887756347656 0.10328149795532227 0.11804890632629395 0.13914752006530762 0.14801335334777832
