100 250 500 750 1000 2500 5000 10000 50000 100000
pyBW app.
percent_error 0.0 0.0 0.0 0.0 0.1255898975443818 0.0445106150281981 0.0872880761094697 0.03145432119022328 0.018500696436489474 0.024716252926836116 
ms_error 0.0 0.0 0.0 0.0 0.009614450397700878 0.0023658235194402863 0.004427075879693718 0.0010717683483567936 0.00027461301663342277 0.0004319941771719261 
abs_error 0.0 0.0 0.0 0.0 0.051019112880215656 0.021281769347910613 0.034312059961004726 0.01635373387559469 0.010005715038194769 0.013461024974983167 
not_included 0 0 0 0 115 49 73 4 2 3 
pyBG app. bin=int_size/5
percent_error 0.027601372193934624 0.0474572844852076 0.049110875698361686 0.05459797175638258 0.05352589724127245 0.0456857812268601 0.05536785781194406 0.031576340866652355 0.022009913787264444 0.01738390922215718 
ms_error 0.00010953709242987059 0.0002808176712232694 0.0006159501291460325 0.0011466734668244098 0.001239667271454186 0.0019169432609577363 0.0013561264732807824 0.0009620141974327767 0.00036220983170984786 0.0002414985278108945 
abs_error 0.005189892126557976 0.009726129270932974 0.014761833769864395 0.018450515741330283 0.019979550884117823 0.02111022602907051 0.018633494202528873 0.016238227910783113 0.011493792407549042 0.009574894372340515 
not_included 204 168 101 64 64 51 58 5 3 2 
pyBG app. bin=int_size/10
percent_error 0.007937276274152475 0.01582856514253669 0.017660039400841574 0.019287141013064883 0.019992330419982572 0.02366498016493023 0.027931371847436905 0.017919952259372644 0.012554969300179082 0.010425647097597305 
ms_error 1.4003389987893566e-05 3.4967855198697976e-05 7.714203032499223e-05 0.0001299252894452606 0.00014370920198745473 0.0004572185097919135 0.0003861880299133432 0.00031009190512729107 0.00013186576569656003 9.012646257559476e-05 
abs_error 0.0015157153672665355 0.0031150662315616614 0.004921159082218169 0.006347577819433397 0.007437524638779185 0.010808648519071748 0.010312640661742362 0.00929581547391347 0.006593872156571764 0.005712258165443159 
not_included 100 90 56 34 35 27 24 1 1 2 
pyBG app. bin=int_size/20
percent_error 0.0023795086893154526 0.00439354643876723 0.0068099349487579204 0.005887734850699962 0.006642727539970444 0.009170495221096656 0.014440122407623109 0.010160317061603613 0.0071601930643822595 0.005839249513523481 
ms_error 1.7799596219810252e-06 3.874218731909179e-06 8.994264004500563e-06 1.508442147184365e-05 1.8285540533531548e-05 8.603434114470032e-05 8.26808923078641e-05 9.987050080856978e-05 4.9573154321763255e-05 3.117862065650544e-05 
abs_error 0.00039960533464849 0.0008652184246746202 0.0015462892328656907 0.0020888107415071486 0.002490218953003317 0.004354237981692587 0.0052670403964771555 0.005259147906639472 0.0038470449653058895 0.003234529650349977 
not_included 49 35 25 16 19 14 13 1 0 0 
