100 250 500 750 1000 2500 5000 10000 50000 100000
pyBW exact
0.5868115425109863 0.5933129787445068 0.600658655166626 0.6057050228118896 0.6121370792388916 0.6443972587585449 0.698439359664917 0.7999098300933838 1.5620501041412354 2.50980281829834
pyBW app.
0.5894699096679688 0.5950689315795898 0.6026549339294434 0.6078388690948486 1.1105060577392578 1.1164443492889404 1.1646924018859863 1.170006513595581 1.1070048809051514 1.1414813995361328
pyBG exact
0.00153350830078125 0.001916646957397461 0.0021800994873046875 0.002370595932006836 0.0025463104248046875 0.0034694671630859375 0.004869937896728516 0.007574558258056641 0.02851247787475586 0.054808855056762695
pyBG app. bin=int_size/5
0.0006480216979980469 0.0006587505340576172 0.0006151199340820312 0.0006117820739746094 0.0005917549133300781 0.0005266666412353516 0.0004520416259765625 0.0003833770751953125 0.0002899169921875 0.00027632713317871094
pyBG app. bin=int_size/10
0.0011243820190429688 0.0010836124420166016 0.0009920597076416016 0.0009016990661621094 0.0008883476257324219 0.0007927417755126953 0.0006773471832275391 0.0005590915679931641 0.0003745555877685547 0.0003402233123779297
pyBG app. bin=int_size/20
0.001462697982788086 0.0013194084167480469 0.0011036396026611328 0.0012478828430175781 0.0011706352233886719 0.0010366439819335938 0.0009410381317138672 0.0007944107055664062 0.0005223751068115234 0.0004642009735107422
