100000 200000 300000 400000 500000 600000 700000 800000 900000 1000000
pyBW exact
5.991918087005615 11.976783037185669 17.955759525299072 23.94074773788452 29.939924716949463 35.93911170959473 41.9865300655365 47.90391826629639 53.96864652633667 59.88651919364929
pyBW app.
6.020502328872681 12.00833511352539 18.008507013320923 24.013328075408936 30.006279945373535 36.03248929977417 42.09283900260925 48.05230951309204 54.1609411239624 60.06488633155823
pyBG exact
0.020334959030151367 0.04067111015319824 0.06090140342712402 0.08114194869995117 0.10074305534362793 0.12024378776550293 0.14102482795715332 0.1604905128479004 0.18002724647521973 0.20061516761779785
pyBG app. bin=100
0.005719661712646484 0.011370420455932617 0.01684093475341797 0.022473812103271484 0.028111934661865234 0.033879995346069336 0.039764404296875 0.04472661018371582 0.05035972595214844 0.055884361267089844
pyBG app. bin=50
0.009285688400268555 0.01847672462463379 0.027616262435913086 0.0367741584777832 0.04596376419067383 0.055124521255493164 0.06456208229064941 0.07369303703308105 0.08253979682922363 0.09179258346557617
pyBG app. bin=25
0.011748075485229492 0.02344799041748047 0.03499627113342285 0.04661965370178223 0.058365821838378906 0.07003092765808105 0.08139967918395996 0.09306955337524414 0.10505867004394531 0.11686396598815918
