100 250 500 750 1000 2000 3000 4000 5000
pyBW exact
0.5560173988342285 0.5607342720031738 0.5665452480316162 0.5685880184173584 0.575427770614624 0.5913739204406738 0.604067325592041 0.6178436279296875 0.6279277801513672
pyBW app.
0.5588469505310059 0.5641355514526367 0.5694608688354492 0.5733652114868164 0.5784187316894531 1.1126272678375244 1.1150765419006348 1.117136001586914 1.1190361976623535
pyBG exact
0.0014913082122802734 0.002020120620727539 0.002357959747314453 0.0026895999908447266 0.0028493404388427734 0.0033483505249023438 0.0037810802459716797 0.004099607467651367 0.0044879913330078125
pyBG app. bin=int_size/5
0.0012688636779785156 0.0010921955108642578 0.001035451889038086 0.0009906291961669922 0.0009715557098388672 0.0008876323699951172 0.0008528232574462891 0.0008087158203125 0.0007257461547851562
pyBG app. bin=int_size/10
0.001537322998046875 0.0013382434844970703 0.0012421607971191406 0.0012476444244384766 0.0011708736419677734 0.0011036396026611328 0.0010385513305664062 0.0009741783142089844 0.0009710788726806641
pyBG app. bin=int_size/20
0.0018956661224365234 0.0017354488372802734 0.0015404224395751953 0.0014843940734863281 0.00144195556640625 0.0013737678527832031 0.0013282299041748047 0.0013661384582519531 0.0012691020965576172
