100 250 500 750 1000 2000 3000 4000 5000
pyBW app.
percent_error 0.0 0.0 0.0 0.0 0.0 0.1391071775352472 0.07981196340534215 0.06797031059304406 0.04960462943095707 
ms_error 0.0 0.0 0.0 0.0 0.0 0.1804914039392055 0.06931333213566554 0.04089785858710227 0.019665926890003824 
abs_error 0.0 0.0 0.0 0.0 0.0 0.07292616551824256 0.047922384731990626 0.03638302827021221 0.02690543210873884 
not_included 0 0 0 0 0 73 42 35 27 
pyBG app. bin=int_size/5
percent_error 0.02245845113557025 0.057755051948806736 0.09683625678490593 0.09348325864218683 0.08418812934309844 0.060358481962099246 0.05157343355001299 0.06441382449690475 0.049401695546236885 
ms_error 0.0003500929859849168 0.0018242637546003523 0.0036179940787846037 0.008885493355647898 0.012373433028757395 0.022692729360909485 0.02356831925797529 0.024284832451089214 0.02465422504930157 
abs_error 0.0035218625543455588 0.007505201399457684 0.012309842342359646 0.01684223379879997 0.020967807776048078 0.025604880505003324 0.027146344736784317 0.027945446483039114 0.028931636871284173 
not_included 220 307 242 132 96 34 33 35 26 
pyBG app. bin=int_size/10
percent_error 0.007315957377538088 0.01985882781845526 0.035303886400173574 0.03636392509374763 0.02998308407594034 0.027501850761816344 0.025809480044436943 0.04441105006778549 0.025394885404178277 
ms_error 3.2029604021645866e-05 0.0001465013621914714 0.00044673955623902406 0.000914343376868312 0.0013373126161391458 0.002797855513252553 0.00383813239008402 0.004679334212065955 0.004147163762786356 
abs_error 0.0009609556133541245 0.002148594089321994 0.003919827115255895 0.005361985271294236 0.006809856302276052 0.010497272826954469 0.011990105241598967 0.012487029500631087 0.0125782253471287 
not_included 99 152 138 73 51 21 17 20 11 
pyBG app. bin=int_size/20
percent_error 0.0016887781894613502 0.0061892129457832065 0.011247327148933428 0.010623866070215652 0.009110213478541539 0.008791967048043418 0.010271736543400401 0.01639522289628116 0.012844980054049054 
ms_error 3.0023432982421707e-06 9.356092447955326e-06 4.3205407849836705e-05 6.57197735749803e-05 0.00013657434290884868 0.0002753469887484754 0.0003891007356443139 0.0006308855277511574 0.0008754093539116387 
abs_error 0.0002488965058263231 0.0005579693787038432 0.001129804183486916 0.0015489576789388766 0.0020983689927041626 0.003432605852169715 0.004370323970083554 0.0051373112015890305 0.005757102011871221 
not_included 38 60 75 44 28 14 9 10 4 
