100000 200000 300000 400000 500000 600000 700000 800000 900000 1000000
pyBW exact
5.62365984916687 11.265631437301636 16.8638858795166 22.433827877044678 28.03125023841858 33.631062746047974 39.23660492897034 44.82869839668274 50.461243629455566 56.07981324195862
pyBW app.
5.659428119659424 11.466853857040405 16.992494106292725 22.579118490219116 28.217003107070923 33.875569105148315 39.4672749042511 45.08962440490723 50.77229881286621 56.40795373916626
pyBG exact
0.023029088973999023 0.0453333854675293 0.06770801544189453 0.08898639678955078 0.11038827896118164 0.13091111183166504 0.15155696868896484 0.17263007164001465 0.19307971000671387 0.21496820449829102
pyBG app. bin=100
0.009157896041870117 0.019413232803344727 0.028615713119506836 0.03777027130126953 0.04789161682128906 0.056535959243774414 0.06620073318481445 0.07489609718322754 0.08479905128479004 0.0923924446105957
pyBG app. bin=50
0.011269330978393555 0.022713422775268555 0.035021066665649414 0.04635357856750488 0.05821037292480469 0.06946849822998047 0.08037972450256348 0.091461181640625 0.1039280891418457 0.11454033851623535
pyBG app. bin=25
0.014537334442138672 0.028635501861572266 0.04288768768310547 0.05643630027770996 0.07008910179138184 0.08415818214416504 0.09861159324645996 0.11097931861877441 0.12493395805358887 0.13713860511779785
