100 250 500 750 1000 2000 3000 4000 5000
pyBW exact
1.5372860431671143 1.8280651569366455 1.6855413913726807 1.7893180847167969 1.6977362632751465 1.6927967071533203 1.698319435119629 1.6839001178741455 1.9763059616088867
pyBG exact
0.007450580596923828 0.00758671760559082 0.00777125358581543 0.00959324836730957 0.008588790893554688 0.010462284088134766 0.011179685592651367 0.012253046035766602 0.013248682022094727
pyBW app.
1.5437452793121338 1.8660478591918945 1.6421568393707275 1.9282162189483643 1.785780906677246 1.7311162948608398 1.7369048595428467 1.5966613292694092 1.6179418563842773
pyBG app. bin=int_size/5
0.002068758010864258 0.002018451690673828 0.0018649101257324219 0.0018987655639648438 0.0017282962799072266 0.0015957355499267578 0.001493215560913086 0.0013580322265625 0.0012664794921875
pyBG app. bin=int_size/10
0.0019850730895996094 0.002379179000854492 0.0015861988067626953 0.0015614032745361328 0.0014922618865966797 0.0013890266418457031 0.0013356208801269531 0.0013306140899658203 0.0012323856353759766
pyBG app. bin=int_size/20
0.0024361610412597656 0.0021774768829345703 0.0019676685333251953 0.0019307136535644531 0.0018825531005859375 0.0017359256744384766 0.0016646385192871094 0.001603841781616211 0.0016512870788574219
100 250 500 750 1000 2000 3000 4000 5000
pyBW exact

pyBG exact
1.7404556274414062e-05 8.821487426757812e-06 7.867813110351562e-06 7.867813110351562e-06 0.0003337860107421875 7.867813110351562e-06 7.867813110351562e-06 7.62939453125e-06 7.62939453125e-06
pyBW app.

