100 250 500 750 1000 2000 3000 4000 5000
pyBW app.
percent_error 0.0 0.0 0.0 0.0 0.15233450485053998 0.05882815190736855 0.04028219371403241 0.09920533827922368 0.08818678501776638 
ms_error 0.0 0.0 0.0 0.0 0.0061045457534566775 0.0014810138289057357 0.0007274508136470566 0.0043116066518008875 0.002717100710859201 
abs_error 0.0 0.0 0.0 0.0 0.051975100693313674 0.02599711245323407 0.01811870870334442 0.04258013644186575 0.03614077923251802 
num_actual_0 0 0 0 0 105 47 27 56 45 
pyBG app. bin=int_size/5
percent_error 0.02311380688406559 0.04447056126765634 0.05746148587471406 0.05486535462037245 0.05773114835344797 0.04983817301929338 0.04926435813883345 0.04562373423622286 0.05983283349037555 
ms_error 0.00010271987979944324 0.00026196619025491185 0.0005466377087972099 0.0007933302064588709 0.0009993334369653817 0.0010339609633161122 0.0010252961353292033 0.0009639582947707753 0.0008560228640964005 
abs_error 0.004875859049168546 0.009437270166454756 0.014768954516054224 0.01845515242871662 0.020647515027995673 0.021424512925486017 0.021369150328510507 0.020352804639654175 0.01936534099968275 
num_actual_0 233 255 144 79 53 33 32 22 37 
pyBG app. bin=int_size/10
percent_error 0.007093647482534408 0.014705396095560588 0.018857978452372786 0.018877477638322638 0.02107462013891637 0.024253085638102384 0.026557157003918103 0.024999740712190393 0.030924009261763807 
ms_error 1.277414444352775e-05 3.365046206962022e-05 6.690606603675115e-05 0.00010083365495760173 0.00013348410851923658 0.00024321885055814346 0.00028775850633233467 0.00026875016138465683 0.0002639123076653413 
abs_error 0.0014044151756628124 0.0029140597869099856 0.00479841327903254 0.006258099894352955 0.00733968905505757 0.010315256746562864 0.01123466979693203 0.010921414872173116 0.01081813419915017 
num_actual_0 122 127 69 47 30 19 20 10 14 
pyBG app. bin=int_size/20
percent_error 0.0017917202701687163 0.004841082035221845 0.006511729690143553 0.005399522311756619 0.007095986452452019 0.008211469421318507 0.010819112574908623 0.012527824146251993 0.018003367063239205 
ms_error 1.6820188592835585e-06 3.7047520085504554e-06 8.484117489405698e-06 1.1632488914253553e-05 1.6728882811886564e-05 3.285417444505503e-05 5.068706104111379e-05 6.245647961271121e-05 7.032466607395805e-05 
abs_error 0.00037875064155032644 0.0008052579480628575 0.0014668353388953038 0.0019537373959149606 0.002411795918112289 0.003680052635447364 0.004731051432437159 0.005300690445846279 0.005547418794859176 
num_actual_0 57 63 39 23 21 9 9 6 8 
