100000 200000 300000 400000 500000 600000 700000 800000 900000 1000000
pyBW exact
16.679070711135864 32.673661947250366 53.41957998275757 69.1530773639679 90.21722531318665 107.1065685749054 122.68485164642334 145.12605047225952 157.7959988117218 174.17026829719543
pyBW app.
16.39960289001465 34.227041482925415 52.74317693710327 71.11827230453491 91.5991358757019 108.20790672302246 137.75662922859192 145.4091181755066 161.08408546447754 171.9333016872406
pyBG exact
0.02267932891845703 0.044977664947509766 0.06705546379089355 0.0892181396484375 0.11119794845581055 0.13387203216552734 0.15577125549316406 0.17787432670593262 0.19988727569580078 0.22264647483825684
pyBG app. bin=100
0.010066986083984375 0.014167308807373047 0.02060532569885254 0.02709031105041504 0.03408646583557129 0.04167580604553223 0.04810786247253418 0.05493450164794922 0.0623471736907959 0.06819343566894531
pyBG app. bin=50
0.012832164764404297 0.02284383773803711 0.0346372127532959 0.04643678665161133 0.05808305740356445 0.06924867630004883 0.08051705360412598 0.09186053276062012 0.10354328155517578 0.11497116088867188
pyBG app. bin=25
0.01652050018310547 0.032143354415893555 0.048391103744506836 0.06390213966369629 0.08027529716491699 0.09618949890136719 0.11190104484558105 0.12901544570922852 0.14615106582641602 0.16219091415405273
