100 250 500 750 1000 2000 3000 4000 5000
pyBW app.
percent_error 0.0 0.0 0.0 0.0 0.08849539901366348 0.04864890107637468 0.027331392641533628 0.07377625144365606 0.06095999269305058 
ms_error 0.0 0.0 0.0 0.0 0.04867210273508313 0.01083099315103361 0.00566475818593339 0.027916537979633494 0.02170359885219619 
abs_error 0.0 0.0 0.0 0.0 0.05696647387345282 0.02650158107668051 0.019247914191983597 0.052757119234192046 0.042824942370764556 
num_actual_0 0 0 0 0 59 29 16 51 39 
pyBG app. bin=int_size/5
percent_error 0.022243774852022908 0.042087257203547834 0.03764174975162486 0.043315161458603 0.03949691277072835 0.04864889997728768 0.03845565723043601 0.03771843841014173 0.04004548218101464 
ms_error 0.0005450858883320164 0.001392610017957338 0.003252444364154149 0.006709404439115656 0.010055761974889207 0.010830992538258132 0.013100066100252179 0.00880490144657474 0.010098845397858068 
abs_error 0.006044398716606564 0.01108428688089998 0.016981203148281887 0.02188197643919326 0.024523086674380967 0.026501580964235598 0.027812838360216585 0.02642341155865975 0.027935220401993716 
num_actual_0 112 79 48 27 33 29 22 29 28 
pyBG app. bin=int_size/10
percent_error 0.006901101659806098 0.013543813434825443 0.014276483977252208 0.014177288370694515 0.015155066529153077 0.024511646883396257 0.01918951080148441 0.019365028780721726 0.021789089040115096 
ms_error 3.816072099156424e-05 0.00015921518202988475 0.0002738986335610734 0.0006584718762344153 0.0011550189397754981 0.002157864634661705 0.003105632317022401 0.0030594589449636353 0.00365563354276338 
abs_error 0.001819268214642762 0.003515750339186485 0.0055242538801968865 0.007288074181561006 0.008516206157556792 0.011974726286905206 0.013594349939267707 0.013623391007340552 0.015044079923356423 
num_actual_0 62 42 23 10 19 16 12 17 14 
pyBG app. bin=int_size/20
percent_error 0.001977744088561648 0.004427727635213471 0.005063996175456002 0.004373593626465765 0.005681251322627979 0.00849503480065988 0.008313313171241225 0.008790329928934611 0.01003699365162083 
ms_error 4.8461688451501855e-06 7.113337755577539e-06 2.0222343439703096e-05 4.4577330306205846e-05 6.413276498305768e-05 0.00023101186431635697 0.00043445529912934547 0.0005100845975083663 0.0009093800424408217 
abs_error 0.0005096657876011593 0.0010026365530980772 0.0017173550122911798 0.0024008606881227713 0.0027034887999690996 0.004270102483250495 0.005603329446301362 0.005993325091710776 0.007007766106839694 
num_actual_0 25 18 14 7 6 8 3 10 9 
