100 250 500 750 1000 2000 3000 4000 5000
pyBW exact
1.5948657989501953 1.7763009071350098 1.7982800006866455 1.6831672191619873 2.1965997219085693 2.2986299991607666 1.829296588897705 1.8453962802886963 1.809152603149414
pyBW app.
1.6009516716003418 1.7007668018341064 1.6810095310211182 2.002182960510254 2.0181655883789062 2.4937357902526855 2.317692995071411 1.9501478672027588 1.7051055431365967
pyBG exact
0.0019507408142089844 0.0009245872497558594 0.0012061595916748047 0.0014650821685791016 0.0017383098602294922 0.003459453582763672 0.005476951599121094 0.007044792175292969 0.008141756057739258
pyBG app. bin=int_size/5
0.0016367435455322266 0.0014333724975585938 0.0013730525970458984 0.0013370513916015625 0.0018224716186523438 0.001692056655883789 0.001611948013305664 0.0015168190002441406 0.0014684200286865234
pyBG app. bin=int_size/10
0.0019850730895996094 0.0017745494842529297 0.0021343231201171875 0.0022983551025390625 0.002121448516845703 0.002008676528930664 0.0018668174743652344 0.0017914772033691406 0.0017044544219970703
pyBG app. bin=int_size/20
0.002418994903564453 0.002206087112426758 0.0020148754119873047 0.0024187564849853516 0.002322673797607422 0.002561330795288086 0.002432584762573242 0.0023488998413085938 0.002306222915649414
