100000 200000 300000 400000 500000 600000 700000 800000 900000 1000000
pyBW exact
19.798956871032715 34.74007248878479 66.34702253341675 81.31721949577332 98.18077278137207 120.15814256668091 125.63749766349792 147.28676223754883 177.91932082176208 184.65336108207703
pyBW app.
23.00829768180847 35.06188154220581 54.792882680892944 72.95014595985413 91.30922436714172 118.02662873268127 125.05263447761536 152.50234246253967 161.2505555152893 190.86514163017273
pyBG exact
0.027274131774902344 0.05374598503112793 0.0803365707397461 0.10666656494140625 0.13325810432434082 0.15948486328125 0.186173677444458 0.21239185333251953 0.23912763595581055 0.26595163345336914
pyBG app. bin=100
0.010768413543701172 0.016228675842285156 0.024538516998291016 0.03303670883178711 0.04128408432006836 0.04981637001037598 0.06042027473449707 0.06598973274230957 0.07612299919128418 0.08232307434082031
pyBG app. bin=50
0.01348567008972168 0.02544403076171875 0.03749203681945801 0.049981117248535156 0.06328177452087402 0.07509899139404297 0.0878605842590332 0.10039258003234863 0.11599326133728027 0.12696123123168945
pyBG app. bin=25
0.018364906311035156 0.03543519973754883 0.05197024345397949 0.06911659240722656 0.08690738677978516 0.10394120216369629 0.12004446983337402 0.13944339752197266 0.15195369720458984 0.1686701774597168
