100 250 500 750 1000 2500 5000 10000 50000 100000
pyBW app.
percent_error 0.0 0.0 0.0 0.0 0.0 0.10773138125061668 0.04960462943095707 0.1163214397110583 0.11137625472765553 0.05653368158145944 
ms_error 0.0 0.0 0.0 0.0 0.0 0.09382056244726966 0.019665926890003824 0.1821575657794724 0.052577508599138706 0.013793316830626878 
abs_error 0.0 0.0 0.0 0.0 0.0 0.05633992628645695 0.02690543210873884 0.08648094849037269 0.06708190533323743 0.03457083839024256 
not_included 0 0 0 0 0 59 27 38 22 10 
pyBG app. bin=int_size/5
percent_error 0.022458446811441157 0.057755048954236644 0.09683625532087288 0.0934832578252876 0.08418812817450727 0.05540695886578593 0.04940169593909944 0.052035282045397854 0.06896170479773449 0.07295204604164256 
ms_error 0.00035008911476256787 0.001824256734857152 0.0036179883114333235 0.00888549015726069 0.012373433820139428 0.02025496961736184 0.024654221872335968 0.035976108348197144 0.029954659062862533 0.018302102231220016 
abs_error 0.003521850763696436 0.007505193135961948 0.012309835711494927 0.016842229273625605 0.02096780452404131 0.02563834526345533 0.028931635497912923 0.036175605892517004 0.04427615607309779 0.04282520476151459 
not_included 220 307 242 132 96 44 26 21 12 16 
pyBG app. bin=int_size/10
percent_error 0.007315951210525069 0.019858823872883485 0.03530388302031786 0.03636392254197909 0.029983081605750864 0.03004954201104635 0.025394884753277606 0.024944299388552114 0.03181598508977667 0.035160038925271433 
ms_error 3.202938928887091e-05 0.00014650169488262814 0.0004467380100404672 0.000914340502204485 0.0013373079130353815 0.004160321189803982 0.0041471626205218624 0.006814066365741755 0.010119184879986323 0.007678649001239762 
abs_error 0.000960940029170361 0.002148598363118058 0.003919824858833074 0.005361981569315701 0.006809851047699766 0.011577839535036634 0.012578222441837664 0.015706629816727893 0.02127273643864776 0.022462148416710032 
not_included 99 152 138 73 51 22 11 13 4 9 
pyBG app. bin=int_size/20
percent_error 0.0016887706679200457 0.006189206369725097 0.01124732188100832 0.01062386231277584 0.009110209670201739 0.011645850720984735 0.012844979135955226 0.012680763918481122 0.014019029797415072 0.016233468865721305 
ms_error 3.002197795726659e-06 9.355749251897939e-06 4.320390608264138e-05 6.571872392252396e-05 0.00013657468921403145 0.00044779707509446764 0.0008754095070088333 0.0012774735855023743 0.002254788269737827 0.002310969673605258 
abs_error 0.0002488877235740434 0.0005579669386468842 0.001129795042164141 0.0015489572870417293 0.002098367409716432 0.0040274234761555686 0.005757100095405129 0.0070354332417005535 0.00898701009818201 0.010452998415548347 
not_included 38 60 75 44 28 12 4 8 4 4 
