100 250 500 750 1000 2500 5000 10000 50000 100000
pyBW exact
0.6006636619567871 0.6032867431640625 0.6098928451538086 0.614006519317627 0.6188192367553711 0.6422786712646484 0.6747848987579346 0.7411973476409912 1.2660167217254639 1.9017479419708252
pyBW app.
0.6029081344604492 0.6075012683868408 0.6136155128479004 0.617774486541748 0.6240749359130859 1.167543888092041 1.1720502376556396 1.0644137859344482 1.1371779441833496 1.141540765762329
pyBG exact
0.0011076927185058594 0.0014638900756835938 0.0018317699432373047 0.0019981861114501953 0.0021708011627197266 0.0028378963470458984 0.0037841796875 0.0056149959564208984 0.019757986068725586 0.03714275360107422
pyBG app. bin=int_size/5
0.0007336139678955078 0.0007483959197998047 0.0006682872772216797 0.0006690025329589844 0.0006136894226074219 0.0005443096160888672 0.0004725456237792969 0.00041365623474121094 0.0002970695495605469 0.0002799034118652344
pyBG app. bin=int_size/10
0.0011746883392333984 0.0010600090026855469 0.0009639263153076172 0.0010309219360351562 0.0009350776672363281 0.000827789306640625 0.0007231235504150391 0.0005998611450195312 0.00039315223693847656 0.0003447532653808594
pyBG app. bin=int_size/20
0.0015034675598144531 0.0013675689697265625 0.0011708736419677734 0.0011625289916992188 0.0011827945709228516 0.0010917186737060547 0.0010275840759277344 0.0008437633514404297 0.0005524158477783203 0.00048422813415527344
