100000 200000 300000 400000 500000 600000 700000 800000 900000 1000000
pyBW exact
6.081225395202637 12.172969102859497 18.2558491230011 24.322062730789185 30.416897535324097 36.512664556503296 42.64428949356079 48.66116666793823 54.82781195640564 60.83405017852783
pyBW app.
6.12534761428833 12.227728843688965 18.350048542022705 24.475415468215942 30.60249090194702 36.74054551124573 42.91715693473816 48.938838720321655 55.15311241149902 61.203887939453125
pyBG exact
0.01674056053161621 0.033499717712402344 0.05003499984741211 0.06674432754516602 0.08284282684326172 0.09892868995666504 0.11623716354370117 0.132765531539917 0.1483139991760254 0.16532373428344727
pyBG app. bin=100
0.005798816680908203 0.011555671691894531 0.017220735549926758 0.022957324981689453 0.028910398483276367 0.035147905349731445 0.04008293151855469 0.04602503776550293 0.051436662673950195 0.0574951171875
pyBG app. bin=50
0.008846759796142578 0.0176236629486084 0.026469945907592773 0.03523445129394531 0.04403352737426758 0.052823543548583984 0.06149458885192871 0.07012033462524414 0.07885456085205078 0.0877838134765625
pyBG app. bin=25
0.010844707489013672 0.021660327911376953 0.03252911567687988 0.04325723648071289 0.05466604232788086 0.0648198127746582 0.0757906436920166 0.08725333213806152 0.09723973274230957 0.10792684555053711
