100 250 500 750 1000 2000 3000 4000 5000
pyBW exact
1.1707627773284912 1.1743125915527344 1.1790306568145752 1.1803882122039795 1.184683084487915 1.1942241191864014 1.20438814163208 1.2147107124328613 1.2232656478881836
pyBW app.
1.1708378791809082 1.1762065887451172 1.178551435470581 1.181581735610962 1.182539463043213 1.038295030593872 1.0416083335876465 1.0423438549041748 1.042612075805664
pyBG exact
0.0013937950134277344 0.0020904541015625 0.0023543834686279297 0.0025527477264404297 0.00274658203125 0.0030400753021240234 0.0034093856811523438 0.00365447998046875 0.0038862228393554688
pyBG app. bin=int_size/5
0.0012485980987548828 0.0010976791381835938 0.001033782958984375 0.0010046958923339844 0.001009225845336914 0.0009210109710693359 0.0008039474487304688 0.0007584095001220703 0.0007255077362060547
pyBG app. bin=int_size/10
0.0015521049499511719 0.0013909339904785156 0.001293182373046875 0.0012366771697998047 0.001191854476928711 0.00110626220703125 0.0010797977447509766 0.0009837150573730469 0.0009245872497558594
pyBG app. bin=int_size/20
0.0019457340240478516 0.0017426013946533203 0.001542806625366211 0.0014925003051757812 0.0014600753784179688 0.001369476318359375 0.0013377666473388672 0.0015683174133300781 0.0012488365173339844
