100 250 500 750 1000 2000 3000 4000 5000
pyBW app.
percent_error 0.0 0.0 0.0 0.0 0.0 0.12876640013742785 0.07785801815751618 0.05238072679784191 0.048515713881948634 
ms_error 0.0 0.0 0.0 0.0 0.0 231.13894663391608 97.2997835721028 54.82365323179074 32.974266962041206 
abs_error 0.0 0.0 0.0 0.0 0.0 5.647237902973561 3.8141163969057614 2.8118334027315357 2.2619828554318007 
not_included 0 0 0 0 0 47 35 20 11 
pyBG app. bin=int_size/5
percent_error 0.016001145433790685 0.03200065011120516 0.03934994816088682 0.041418933037503186 0.04414349280312872 0.06019905151600105 0.04220701984461768 0.04865898413922402 0.044645960644820994 
ms_error 0.47989453308097135 1.4630282049339458 3.4560035639885376 6.844281585444935 9.509247455550156 18.630360444867712 26.817366584033397 33.590399815272896 35.01065977730675 
abs_error 0.2893763671796415 0.5661009458664523 0.9113115379864098 1.201813511718973 1.4342481697822835 1.9644503636586872 2.1678477180359774 2.236056425728039 2.2695575550238094 
not_included 125 175 140 108 63 25 29 18 11 
pyBG app. bin=int_size/10
percent_error 0.0052078099537400755 0.011083341573131303 0.012971538491242933 0.016000074566041154 0.014500481777352947 0.017451346141371976 0.01937020661414598 0.019684175655230642 0.02304282625275945 
ms_error 0.06075905265203717 0.14539537887522727 0.3524756116454443 0.5817603259971141 0.8931241485897852 2.367863619236688 4.20411762950166 4.9179271390904375 5.662209960255094 
abs_error 0.08329319898488097 0.16760081819040873 0.28416610390569724 0.380923628235082 0.4639635704007741 0.7305472820604069 0.9144590143747282 0.9920684108110996 1.0355018071387514 
not_included 59 89 76 57 37 13 17 9 9 
pyBG app. bin=int_size/20
percent_error 0.0015783194361759726 0.0032184851825088415 0.003818834434044845 0.004633173176385403 0.005225502559786976 0.006020354541450076 0.006402656601662388 0.007754650404444381 0.009939852870363267 
ms_error 0.00741318035799358 0.014526787978338621 0.038049570788167085 0.057398826919852784 0.08775110580856091 0.2203480414811962 0.37413092734445047 0.6340800248452477 0.7396574234531016 
abs_error 0.021609553572695485 0.04444024153892039 0.08613844333277279 0.11670181896947857 0.14387893930492893 0.23684368362120012 0.30447390226551413 0.3697006894204313 0.4186901963257447 
not_included 25 46 37 26 17 5 11 4 3 
