100000 200000 300000 400000 500000 600000 700000 800000 900000 1000000
pyBW exact
11.73710012435913 23.443889379501343 35.14981412887573 46.861083030700684 58.58181571960449 70.25120711326599 81.98549675941467 93.68580269813538 105.34149861335754 117.05189967155457
pyBW app.
11.724323749542236 23.459260940551758 35.16451692581177 46.88318228721619 58.60292291641235 70.25637102127075 81.98131585121155 93.71545505523682 105.41328454017639 117.12889099121094
pyBG exact
0.022965192794799805 0.045212507247924805 0.06816458702087402 0.089202880859375 0.11064648628234863 0.1323704719543457 0.15227794647216797 0.17350149154663086 0.1948413848876953 0.21573829650878906
pyBG app. bin=100
0.00916600227355957 0.018804311752319336 0.02889871597290039 0.03847956657409668 0.04802083969116211 0.05750584602355957 0.06626629829406738 0.0751495361328125 0.08465242385864258 0.0934438705444336
pyBG app. bin=50
0.01180720329284668 0.023580074310302734 0.035143136978149414 0.04742264747619629 0.05869340896606445 0.06958389282226562 0.08096528053283691 0.09289336204528809 0.10488200187683105 0.11504101753234863
pyBG app. bin=25
0.014614582061767578 0.028887033462524414 0.04294466972351074 0.05702662467956543 0.07061338424682617 0.08410477638244629 0.09773778915405273 0.11073160171508789 0.1257185935974121 0.138624906539917
