100 250 500 750 1000 2000 3000 4000 5000
pyBW exact
0.5818436145782471 0.5896937847137451 0.5968942642211914 0.6060128211975098 0.6170954704284668 0.6494998931884766 0.6792736053466797 0.7092635631561279 0.7402517795562744
pyBW app.
0.5856785774230957 0.5954287052154541 0.6045799255371094 0.6101453304290771 1.1381781101226807 1.1443712711334229 1.1470143795013428 1.1341602802276611 1.1354453563690186
pyBG exact
0.0023124217987060547 0.0026090145111083984 0.0030508041381835938 0.0034329891204833984 0.003584623336791992 0.004544496536254883 0.0052947998046875 0.006131410598754883 0.006948947906494141
pyBG app. bin=int_size/5
0.001277923583984375 0.00109100341796875 0.0010349750518798828 0.0010008811950683594 0.0009703636169433594 0.0009260177612304688 0.0008113384246826172 0.0007643699645996094 0.0007297992706298828
pyBG app. bin=int_size/10
0.0015451908111572266 0.0014023780822753906 0.0012733936309814453 0.0011954307556152344 0.0012178421020507812 0.0011379718780517578 0.001035928726196289 0.0010297298431396484 0.0009260177612304688
pyBG app. bin=int_size/20
0.0019307136535644531 0.0017368793487548828 0.0015423297882080078 0.0014851093292236328 0.001458883285522461 0.0014233589172363281 0.0013477802276611328 0.0012965202331542969 0.00127410888671875
