100000 200000 300000 400000 500000 600000 700000 800000 900000 1000000
pyBW exact
5.939003229141235 11.894067287445068 17.80934739112854 23.729191303253174 29.694684505462646 35.619407415390015 41.55181646347046 47.46747660636902 53.405385971069336 59.308589458465576
pyBW app.
12.820839405059814 11.947548627853394 17.938974142074585 23.886545658111572 29.8494393825531 35.82200264930725 41.80281591415405 47.762033224105835 53.68253493309021 59.644471406936646
pyBG exact
0.028545618057250977 0.056427955627441406 0.08299851417541504 0.10937762260437012 0.1353597640991211 0.16138172149658203 0.18880152702331543 0.21213912963867188 0.23861002922058105 0.26445937156677246
pyBG app. bin=100
0.009128093719482422 0.018939733505249023 0.02846837043762207 0.038375139236450195 0.04746723175048828 0.05681037902832031 0.06661558151245117 0.07475423812866211 0.08358502388000488 0.09238910675048828
pyBG app. bin=50
0.011636495590209961 0.02259063720703125 0.035077810287475586 0.046514034271240234 0.05772042274475098 0.06919384002685547 0.07998895645141602 0.09084701538085938 0.10229730606079102 0.11363911628723145
pyBG app. bin=25
0.014501571655273438 0.029157400131225586 0.04232931137084961 0.05660438537597656 0.07042670249938965 0.08392858505249023 0.09782743453979492 0.11036086082458496 0.1234278678894043 0.13694310188293457
