100 250 500 750 1000 2500 5000 10000 50000 100000
pyBW exact
1.2515478134155273 1.2545115947723389 1.258842945098877 1.261836290359497 1.2645001411437988 1.2823891639709473 1.306974172592163 1.3523035049438477 1.6712369918823242 2.0551609992980957
pyBW app.
1.2529563903808594 1.2553422451019287 1.2615222930908203 1.2621004581451416 1.2658109664916992 1.0842926502227783 1.087099313735962 1.1148526668548584 1.142266035079956 1.1496832370758057
pyBG exact
0.0009963512420654297 0.0015690326690673828 0.0017960071563720703 0.0019207000732421875 0.002045154571533203 0.0025408267974853516 0.003246784210205078 0.004575014114379883 0.014570236206054688 0.027035951614379883
pyBG app. bin=int_size/5
0.0007202625274658203 0.0007050037384033203 0.0006763935089111328 0.000659942626953125 0.0006434917449951172 0.0005681514739990234 0.0005021095275878906 0.00041031837463378906 0.0002987384796142578 0.00027823448181152344
pyBG app. bin=int_size/10
0.0011703968048095703 0.0010552406311035156 0.001081228256225586 0.0010347366333007812 0.0010190010070800781 0.0009207725524902344 0.0007722377777099609 0.0006272792816162109 0.00039768218994140625 0.0003495216369628906
pyBG app. bin=int_size/20
0.00151824951171875 0.0013670921325683594 0.0012309551239013672 0.0013365745544433594 0.0011897087097167969 0.0011742115020751953 0.0010654926300048828 0.0008831024169921875 0.0005548000335693359 0.0004868507385253906
