100 250 500 750 1000 2500 5000 10000 50000 100000
pyBW app.
percent_error 0.0 0.0 0.0 0.0 0.0 0.10213703856435628 0.048515713881948634 0.07642502334680581 0.05207296536868043 0.029007186554750493 
ms_error 0.0 0.0 0.0 0.0 0.0 150.63187409141378 32.974266962041206 186.26906098802374 54.63047001848184 14.069493656785149 
abs_error 0.0 0.0 0.0 0.0 0.0 4.820224068393067 2.2619828554318007 5.047143793325538 3.3397491578244947 1.7294140631054593 
not_included 0 0 0 0 0 42 11 14 6 2 
pyBG app. bin=int_size/5
percent_error 0.016001129711279524 0.032000638828651416 0.03934994195267552 0.04141892890893867 0.044143490176046296 0.04656363416963064 0.044645960346543924 0.03806049369854553 0.033870846721348796 0.03560936991586032 
ms_error 0.4798943130205691 1.4630279160536803 3.4560032013017103 6.844281306838685 9.509247331181658 23.70825908984238 35.01065931219745 48.77265153503645 27.39483962772613 18.29502320183187 
abs_error 0.28937551113128646 0.5661004615215457 0.9113112988642271 1.2018133283262873 1.4342480620736882 2.074950467335955 2.269557507281304 2.4538350250028103 2.1771065033598096 1.9837477024644974 
not_included 125 175 140 108 63 26 11 8 3 4 
pyBG app. bin=int_size/10
percent_error 0.005207791012382986 0.011083326470227582 0.01297152853697753 0.016000067496409868 0.014500476745891588 0.019510839247963346 0.02304282567197649 0.019377992714107034 0.018450383811586677 0.018717806911604132 
ms_error 0.06075905105631782 0.1453953251354091 0.3524755244834161 0.5817601730947891 0.89312401614716 2.970086079002351 5.66220984945497 9.820888101965162 11.156227051948504 6.7119526636247056 
abs_error 0.08329206711196897 0.16760012398095717 0.2841657279315794 0.3809233601654323 0.4639633807035523 0.8365055490452064 1.0355017721012933 1.1780391392658 1.2143853097782848 1.0933708837482399 
not_included 59 89 76 57 37 17 9 4 2 2 
pyBG app. bin=int_size/20
percent_error 0.001578297971917574 0.003218466665931756 0.0038188202730683797 0.004633162293830416 0.005225494185918621 0.007341436988805292 0.009939851492809147 0.009480399465897935 0.009606453067629337 0.012018245641259983 
ms_error 0.007413168452195637 0.014526748962815776 0.03804953143899167 0.05739880567478534 0.0877510707720917 0.29242564946921445 0.7396574082057741 1.6726821784911812 2.9608912422059444 2.722161986275929 
abs_error 0.021608139237976037 0.04443927478713968 0.08613782301147464 0.11670140041256442 0.14387862661915568 0.2734762309751636 0.4186901293439032 0.5347223870778596 0.6135647605691783 0.6116350514033863 
not_included 25 46 37 26 17 7 3 3 0 2 
