100000 200000 300000 400000 500000 600000 700000 800000 900000 1000000
pyBW exact
12.580040693283081 25.209125757217407 37.79087972640991 50.338520526885986 62.932780504226685 75.55070424079895 88.14873886108398 100.75489902496338 113.3356614112854 125.89942264556885
pyBW app.
12.580682039260864 25.17516279220581 37.7394380569458 50.337392807006836 62.96270489692688 75.5359423160553 88.19380927085876 100.71778845787048 113.36481475830078 125.93784832954407
pyBG exact
0.016402482986450195 0.03306460380554199 0.049239158630371094 0.06543421745300293 0.08159136772155762 0.09695100784301758 0.11383557319641113 0.12971138954162598 0.1453263759613037 0.16307520866394043
pyBG app. bin=100
0.005843639373779297 0.011561870574951172 0.01724386215209961 0.023023128509521484 0.02868485450744629 0.035382747650146484 0.04020977020263672 0.046196699142456055 0.05214643478393555 0.05769014358520508
pyBG app. bin=50
0.008955955505371094 0.01776885986328125 0.026627540588378906 0.035494327545166016 0.04434347152709961 0.05312967300415039 0.06195425987243652 0.07072710990905762 0.07950115203857422 0.0885019302368164
pyBG app. bin=25
0.010907411575317383 0.021732568740844727 0.032659053802490234 0.04342246055603027 0.054596662521362305 0.06499242782592773 0.07611751556396484 0.08762145042419434 0.09758353233337402 0.1082758903503418
