100 250 500 750 1000 2000 3000 4000 5000
pyBW exact
0.5528011322021484 0.5581092834472656 0.5660269260406494 0.5728228092193604 0.5805439949035645 0.6015830039978027 0.6255266666412354 0.6479196548461914 0.669177770614624
pyBW app.
0.5542042255401611 0.5600800514221191 0.566664457321167 0.57489013671875 1.0596718788146973 1.061594009399414 1.0672073364257812 1.1169157028198242 1.118311882019043
pyBG exact
0.002079486846923828 0.00247955322265625 0.002771139144897461 0.0030143260955810547 0.003258228302001953 0.0039288997650146484 0.0046155452728271484 0.005227804183959961 0.005827188491821289
pyBG app. bin=int_size/5
0.0011928081512451172 0.0010738372802734375 0.0010807514190673828 0.000997781753540039 0.0009732246398925781 0.0008375644683837891 0.0008306503295898438 0.0007259845733642578 0.0006916522979736328
pyBG app. bin=int_size/10
0.001489400863647461 0.0012879371643066406 0.0012156963348388672 0.0012176036834716797 0.0011627674102783203 0.001062154769897461 0.0011668205261230469 0.0009250640869140625 0.0008771419525146484
pyBG app. bin=int_size/20
0.0018506050109863281 0.0016694068908691406 0.0015015602111816406 0.0014653205871582031 0.0014190673828125 0.0013432502746582031 0.0012884140014648438 0.0012371540069580078 0.0012171268463134766
