100 250 500 750 1000 2000 3000 4000 5000
pyBW app.
percent_error 0.0 0.0 0.0 0.0 0.1125229884759832 0.05603937441755066 0.03971634521400526 0.08892224194134277 0.06567272540694802 
ms_error 0.0 0.0 0.0 0.0 0.004139630921344646 0.0010790674589486369 0.0005545738873718742 0.0022000932482530485 0.001222419386871348 
abs_error 0.0 0.0 0.0 0.0 0.04427791201699049 0.022778717002622434 0.01455760300537282 0.030404435534730448 0.023540340949669364 
not_included 0 0 0 0 124 55 29 89 79 
pyBG app. bin=int_size/5
percent_error 0.02914035887436089 0.04839375172168822 0.05871362950772767 0.06616443469265049 0.05427478403481016 0.048317765158428436 0.058311797118273015 0.04748470196578564 0.05384432905002363 
ms_error 0.0001646003675899629 0.00035185067411584633 0.0007750126193535608 0.0010331722249604476 0.001149703920684162 0.0009087636085039929 0.0008625951832333795 0.0006904682947655982 0.0005400613915494747 
abs_error 0.006454797471410888 0.011333515651761194 0.017845196959357015 0.020627445071527757 0.021278984779351424 0.019917298107472028 0.01851788687077765 0.01687442605719944 0.01555050309088358 
not_included 226 171 107 84 60 55 49 41 51 
pyBG app. bin=int_size/10
percent_error 0.008976429484671642 0.01604099962798198 0.018804636587424865 0.02619677869307648 0.023228772000315638 0.026543849892473572 0.032227970138592174 0.028501173281038992 0.0320057546688539 
ms_error 1.9116126590777694e-05 4.547936329217169e-05 9.298791785567742e-05 0.0001460098081427268 0.0002093750728456163 0.0002747323745863078 0.0002641665449944551 0.00022870789826679437 0.0002158819104276717 
abs_error 0.0018675273900669229 0.003672193512880439 0.005864735632886594 0.007596729978529103 0.009093588592018767 0.010677905279116467 0.01067171795672266 0.009953802960528878 0.009425150916909404 
not_included 115 82 59 44 32 27 25 19 26 
pyBG app. bin=int_size/20
percent_error 0.0023037077039926583 0.004281688828207234 0.006038418997523422 0.0068952354822120285 0.0076138350854918 0.011083508204099072 0.014073942864549004 0.0174870910048642 0.013058083653141553 
ms_error 2.4905790549328018e-06 5.049194814060859e-06 1.1413310878300459e-05 1.6190290679439058e-05 2.5131631476089545e-05 5.0383204534216185e-05 6.388703711144497e-05 6.481269691791607e-05 6.924629133069142e-05 
abs_error 0.0005060681687923015 0.0010469098843096467 0.0018515484879829628 0.002444476725625394 0.0029766490753534037 0.004535577900440334 0.005234228774609813 0.005313621485698732 0.00540982269392467 
not_included 56 38 31 23 16 13 15 10 12 
