100000 200000 300000 400000 500000 600000 700000 800000 900000 1000000
pyBW exact
5.618337869644165 11.222501516342163 16.80812978744507 22.41913414001465 28.02916669845581 33.61992955207825 39.18348264694214 44.767627000808716 50.35418915748596 55.952465534210205
pyBW app.
5.637825965881348 11.293111085891724 16.86077880859375 22.47714591026306 28.086614847183228 33.71267533302307 39.31841850280762 44.90207767486572 50.490121603012085 56.13388156890869
pyBG exact
0.027211666107177734 0.0535125732421875 0.079498291015625 0.1044623851776123 0.12982845306396484 0.15468502044677734 0.1794757843017578 0.20325708389282227 0.2277235984802246 0.25401926040649414
pyBG app. bin=100
0.008756875991821289 0.01825237274169922 0.028294801712036133 0.037271738052368164 0.04672574996948242 0.053873300552368164 0.06455659866333008 0.07183647155761719 0.08071398735046387 0.08877086639404297
pyBG app. bin=50
0.01124262809753418 0.02225470542907715 0.034116506576538086 0.04601168632507324 0.056456804275512695 0.06807613372802734 0.07898116111755371 0.09046578407287598 0.09971427917480469 0.11062264442443848
pyBG app. bin=25
0.014039039611816406 0.02891373634338379 0.04263448715209961 0.056276559829711914 0.06928658485412598 0.08395028114318848 0.09727883338928223 0.10912656784057617 0.12229228019714355 0.13535594940185547
