100 250 500 750 1000 2000 3000 4000 5000
pyBW exact
0.5365438461303711 0.5400710105895996 0.5456643104553223 0.5514340400695801 0.5541458129882812 0.5775787830352783 0.5952520370483398 0.615410566329956 0.6324992179870605
pyBW app.
0.5370528697967529 0.5440936088562012 0.5479636192321777 0.5529539585113525 1.0509300231933594 1.0534985065460205 1.0580005645751953 1.1043403148651123 1.1050889492034912
pyBG exact
0.0020020008087158203 0.0023849010467529297 0.00270843505859375 0.002974987030029297 0.0031294822692871094 0.0037059783935546875 0.004225969314575195 0.004806995391845703 0.005225658416748047
pyBG app. bin=int_size/5
0.0011692047119140625 0.0010685920715332031 0.0010786056518554688 0.0009627342224121094 0.0009341239929199219 0.0008282661437988281 0.0007658004760742188 0.0007207393646240234 0.0007240772247314453
pyBG app. bin=int_size/10
0.0014755725860595703 0.0012984275817871094 0.001199960708618164 0.001207113265991211 0.0011439323425292969 0.0010576248168945312 0.0009884834289550781 0.0009264945983886719 0.0008769035339355469
pyBG app. bin=int_size/20
0.0019192695617675781 0.0017046928405761719 0.0014882087707519531 0.001463174819946289 0.0014162063598632812 0.001394033432006836 0.0012879371643066406 0.001245737075805664 0.001195669174194336
