100 250 500 750 1000 2000 3000 4000 5000
pyBW app.
percent_error 0.0 0.0 0.0 0.0 0.15233450485053998 0.05882815190736855 0.04028219371403241 0.09920533827922368 0.08818678501776638 
ms_error 0.0 0.0 0.0 0.0 0.0061045457534566775 0.0014810138289057357 0.0007274508136470566 0.0043116066518008875 0.002717100710859201 
abs_error 0.0 0.0 0.0 0.0 0.051975100693313674 0.02599711245323407 0.01811870870334442 0.04258013644186575 0.03614077923251802 
num_actual_0 0 0 0 0 105 47 27 56 45 
pyBG app. bin=int_size/5
percent_error 0.06708245992140999 0.12114393828729332 0.14432050608403163 0.14200143446821162 0.13968585643512066 0.11950749838315061 0.10836020965800981 0.10213242401542151 0.09796049506664596 
ms_error 0.0036563311129260926 0.009500634435392346 0.011183572458170839 0.011391708097447951 0.01123138354854963 0.00906586689109304 0.00852381685207738 0.007604340774039008 0.007007779649804855 
abs_error 0.03544718618898332 0.06475028547846645 0.07309330840435126 0.07342256949257603 0.07246640634330949 0.0647983005120351 0.06082564844477055 0.057965569895856155 0.05591285169584354 
num_actual_0 0 0 0 0 0 0 0 0 0 
pyBG app. bin=int_size/10
percent_error 0.03718044733058106 0.06699112485047853 0.07951953663315907 0.07791262614666275 0.07737413527244168 0.06914522570921805 0.06349513629497874 0.06063373178984245 0.0582402632759129 
ms_error 0.0007863179908372362 0.0022813333509133374 0.002792344626291521 0.0028254192473600357 0.002955184182302305 0.002965433332006145 0.002756598233430189 0.0023430018815186545 0.002249134991449832 
abs_error 0.016152490036645848 0.03142010088263775 0.03634553528550918 0.03692785106039435 0.03794603197044095 0.03657521952284633 0.03455907498704497 0.03309356045767053 0.03198165562030986 
num_actual_0 0 0 0 0 0 0 0 0 0 
pyBG app. bin=int_size/20
percent_error 0.017912346640958768 0.03625723844092018 0.04218688176871459 0.03764651453092923 0.04030766436966255 0.03824701371486259 0.036501070920099764 0.035473093969521564 0.03450691337386576 
ms_error 0.0001524259687792481 0.00046399005708706024 0.0006684872747663 0.0006756146074884341 0.0007368246053113962 0.0008126141039804928 0.0008389998750766083 0.0008028530623126504 0.0007251923617850853 
abs_error 0.006763398578836295 0.01426213469984804 0.0176313632518564 0.016863411525752492 0.018950009598609274 0.019629878213687228 0.019490590559464557 0.019096310389437373 0.018467520572175294 
num_actual_0 0 0 0 0 0 0 0 0 0 
