100000 200000 300000 400000 500000 600000 700000 800000 900000 1000000
pyBW exact
5.434070110321045 10.865189790725708 16.27056312561035 21.733025550842285 27.093109607696533 32.5114107131958 37.92359447479248 43.278181314468384 48.67727589607239 54.00656771659851
pyBW app.
8.512465476989746 10.882168054580688 16.313143014907837 21.772764205932617 27.19288969039917 32.639466524124146 37.97861909866333 43.39621829986572 48.833805084228516 54.2085165977478
pyBG exact
0.02580571174621582 0.05332064628601074 0.07787346839904785 0.10240459442138672 0.12678933143615723 0.15141630172729492 0.17467188835144043 0.20078229904174805 0.22359585762023926 0.25011372566223145
pyBG app. bin=100
0.008995294570922852 0.018373966217041016 0.02824091911315918 0.03670930862426758 0.04516339302062988 0.054007530212402344 0.06368470191955566 0.07310771942138672 0.08104896545410156 0.08929038047790527
pyBG app. bin=50
0.011234521865844727 0.022150754928588867 0.03439474105834961 0.04603075981140137 0.05698060989379883 0.0681459903717041 0.07897615432739258 0.0906226634979248 0.10060596466064453 0.11086511611938477
pyBG app. bin=25
0.014379262924194336 0.028021574020385742 0.04308152198791504 0.056372642517089844 0.06983613967895508 0.08315849304199219 0.0966494083404541 0.11103177070617676 0.12256669998168945 0.13646507263183594
