100 250 500 750 1000 2000 3000 4000 5000
pyBW app.
percent_error 0.0 0.0 0.0 0.0 0.08849539901366348 0.04864890107637468 0.027331392641533628 0.07377625144365606 0.06095999269305058 
ms_error 0.0 0.0 0.0 0.0 0.04867210273508313 0.01083099315103361 0.00566475818593339 0.027916537979633494 0.02170359885219619 
abs_error 0.0 0.0 0.0 0.0 0.05696647387345282 0.02650158107668051 0.019247914191983597 0.052757119234192046 0.042824942370764556 
not_included 0 0 0 0 59 29 16 51 39 
pyBG app. bin=int_size/5
percent_error 0.02224377485202291 0.04208725720354783 0.03764174975162486 0.043315161458602994 0.03949691277072836 0.0486488999772877 0.03845565723043599 0.03771843841014172 0.040045482181014565 
ms_error 0.0005450858883320167 0.001392610017957342 0.0032524443641541475 0.006709404439115662 0.01005576197488922 0.010830992538258139 0.013100066100252184 0.008804901446574741 0.010098845397858042 
abs_error 0.006044398716606564 0.011084286880899977 0.01698120314828189 0.02188197643919325 0.02452308667438098 0.026501580964235615 0.027812838360216603 0.02642341155865977 0.027935220401993695 
not_included 112 79 48 27 33 29 22 29 28 
pyBG app. bin=int_size/10
percent_error 0.006901101659806106 0.01354381343482545 0.014276483977252194 0.0141772883706945 0.015155066529153056 0.024511646883396257 0.0191895108014844 0.019365028780721702 0.021789089040115065 
ms_error 3.8160720991564276e-05 0.00015921518202988402 0.00027389863356107384 0.000658471876234417 0.0011550189397754975 0.002157864634661706 0.0031056323170223993 0.003059458944963636 0.0036556335427633756 
abs_error 0.0018192682146427636 0.0035157503391864816 0.005524253880196883 0.007288074181561006 0.008516206157556785 0.011974726286905202 0.013594349939267721 0.013623391007340547 0.015044079923356417 
not_included 62 42 23 10 19 16 12 17 14 
pyBG app. bin=int_size/20
percent_error 0.001977744088561648 0.00442772763521348 0.005063996175456007 0.0043735936264657545 0.005681251322627964 0.008495034800659863 0.008313313171241206 0.008790329928934599 0.01003699365162082 
ms_error 4.8461688451501855e-06 7.113337755577593e-06 2.0222343439702943e-05 4.45773303062056e-05 6.413276498305764e-05 0.00023101186431635643 0.00043445529912934574 0.0005100845975083666 0.0009093800424408211 
abs_error 0.0005096657876011594 0.0010026365530980813 0.001717355012291181 0.0024008606881227627 0.002703488799969097 0.004270102483250495 0.005603329446301363 0.005993325091710783 0.007007766106839698 
not_included 25 18 14 7 6 8 3 10 9 
