100 250 500 750 1000 2000 3000 4000 5000
pyBW exact
0.5811326503753662 0.5897583961486816 0.5978219509124756 0.6077773571014404 0.6188442707061768 0.6496067047119141 0.6794848442077637 0.7105615139007568 0.739180326461792
pyBW app.
0.5840606689453125 0.5934443473815918 0.6040520668029785 0.6110084056854248 1.1393330097198486 1.1422276496887207 1.1477456092834473 1.1349396705627441 1.1387875080108643
pyBG exact
0.0023627281188964844 0.002629995346069336 0.003004789352416992 0.0032422542572021484 0.0035254955291748047 0.004464626312255859 0.0052487850189208984 0.006089925765991211 0.006904125213623047
pyBG app. bin=int_size/5
0.0012390613555908203 0.0010883808135986328 0.0010635852813720703 0.0009887218475341797 0.0009627342224121094 0.0008802413940429688 0.0008902549743652344 0.0007643699645996094 0.0007302761077880859
pyBG app. bin=int_size/10
0.0015268325805664062 0.001336812973022461 0.0012311935424804688 0.0012326240539550781 0.0011661052703857422 0.001094818115234375 0.0011565685272216797 0.0009980201721191406 0.0009856224060058594
pyBG app. bin=int_size/20
0.0018725395202636719 0.0017666816711425781 0.001531362533569336 0.0015053749084472656 0.0014424324035644531 0.0013649463653564453 0.0013797283172607422 0.0013496875762939453 0.0012521743774414062
