100000 200000 300000 400000 500000 600000 700000 800000 900000 1000000
pyBW exact
5.949225664138794 11.936779022216797 17.887224674224854 23.843714952468872 29.765455722808838 35.7209050655365 41.62929105758667 47.44882369041443 53.29787802696228 59.26465892791748
pyBW app.
6.002312660217285 12.033823490142822 18.021657705307007 24.012705326080322 29.974560737609863 35.94641876220703 41.92200255393982 47.81545639038086 53.696086406707764 59.648796796798706
pyBG exact
0.028717994689941406 0.056722402572631836 0.0833275318145752 0.10935354232788086 0.13552331924438477 0.1614246368408203 0.18636178970336914 0.21311616897583008 0.23839950561523438 0.2657358646392822
pyBG app. bin=100
0.009128570556640625 0.01892852783203125 0.02847456932067871 0.037537336349487305 0.04630446434020996 0.05661916732788086 0.06533336639404297 0.07428741455078125 0.0833139419555664 0.09254932403564453
pyBG app. bin=50
0.011612653732299805 0.02245306968688965 0.03513932228088379 0.04664111137390137 0.05745840072631836 0.06890416145324707 0.08006763458251953 0.09189748764038086 0.10347628593444824 0.11289548873901367
pyBG app. bin=25
0.014441728591918945 0.029119253158569336 0.04223322868347168 0.055999755859375 0.07040905952453613 0.08371186256408691 0.09666180610656738 0.11062860488891602 0.12348294258117676 0.13704490661621094
