100 250 500 750 1000 2500 5000 10000 50000 100000
pyBW app.
percent_error 0.0 0.0 0.0580242558008088 0.02793715750108419 0.01683754568079875 0.03525347738875217 0.02148422691371298 0.032480816821178246 0.026693544346170488 0.1359034383038603 
ms_error 0.0 0.0 0.004411003767886147 0.009417882651910717 0.000961468135195693 0.003398966321973034 0.0013142061548692802 0.00993871621875473 0.0031090783195312616 0.009735666272623195 
abs_error 0.0 0.0 0.014059053474400156 0.010724547686962826 0.007456185467224446 0.018633239864146004 0.00996968819490588 0.01994228355513205 0.015165151546277436 0.03479947043383271 
not_included 0 0 59 20 13 13 6 10 1 5 
pyBG app. bin=int_size/5
percent_error 0.007876567595668372 0.021133036244391955 0.02281134957888557 0.025224080503038985 0.022941087225031808 0.02720726973002202 0.02705692967694215 0.023855613754711683 0.02847310046149322 0.032828072529657255 
ms_error 2.0040976117071e-05 0.00010410890417332843 0.0004773986357131168 0.0018674274048384126 0.0031287085522704963 0.00837220174590951 0.0025450811422737768 0.005954134983502302 0.0034055682910850166 0.002178917869876193 
abs_error 0.0019798250158691772 0.00401978477901755 0.00608862231089032 0.008660888138161576 0.010342312472853239 0.01490733458994726 0.014766486551504912 0.015140499344918951 0.014452158326486097 0.014767040105149606 
not_included 72 75 46 16 22 13 11 10 4 2 
pyBG app. bin=int_size/10
percent_error 0.0025667014980805297 0.007088724522151493 0.00794719519304873 0.006935851684840065 0.007525902547329709 0.010732123988101682 0.014145982582291576 0.01275352300774249 0.015284180442599705 0.01872781413368917 
ms_error 2.733995211075179e-06 8.349414480859913e-06 0.00011093092110643618 0.00018171522287868482 8.865659918272934e-05 0.0010144772751653967 0.000806705339541072 0.0009508290562500136 0.002318188754805872 0.0009455285817592911 
abs_error 0.0006254097062148186 0.0011917547461408973 0.001976615654036231 0.0026235142540963173 0.0031261147098948327 0.005820400359982699 0.0073659607397719455 0.007481055503477414 0.008118965453018776 0.007464858981567069 
not_included 34 42 26 10 9 8 3 4 2 0 
pyBG app. bin=int_size/20
percent_error 0.0005094561483616539 0.0018585249585098705 0.0024962447501750765 0.0022615567702113345 0.002346419129234762 0.0034954616218901727 0.005897381661529476 0.006290214135720541 0.0067183713993659135 0.013637519631755742 
ms_error 2.7179833679140865e-07 5.465590949865055e-07 9.469554158341387e-06 9.050060666178266e-05 1.0290799475351826e-05 7.945093797340447e-05 0.0001776936855336248 0.0002510891236608767 0.0009558462880921811 0.0003984186145035872 
abs_error 0.00018221824143528956 0.00034615999223974975 0.0006244579039579662 0.0008865683901890647 0.0009965031056791214 0.001860396515737559 0.00293028718417587 0.003586729517802839 0.0042318581095435945 0.004012160026977215 
not_included 14 18 14 3 2 3 0 1 1 0 
