100 250 500 750 1000 2500 5000 10000 50000 100000
pyBW exact
0.6353926658630371 0.6552703380584717 0.689927339553833 0.7052640914916992 0.7322788238525391 0.8652782440185547 1.0892012119293213 1.5342223644256592 4.996546745300293 9.282490253448486
pyBW app.
0.6412379741668701 0.6602094173431396 1.3449716567993164 1.3501789569854736 1.3516762256622314 1.3247413635253906 1.3330466747283936 1.21425199508667 1.2208349704742432 1.2103915214538574
pyBG exact
0.0023279190063476562 0.0028290748596191406 0.003590822219848633 0.004218578338623047 0.004843711853027344 0.008465051651000977 0.014429569244384766 0.026382923126220703 0.12049722671508789 0.23619437217712402
pyBG app. bin=int_size/5
0.0007290840148925781 0.0006349086761474609 0.0006585121154785156 0.0006248950958251953 0.0006127357482910156 0.0005464553833007812 0.0004951953887939453 0.00042176246643066406 0.00029754638671875 0.00028586387634277344
pyBG app. bin=int_size/10
0.0011866092681884766 0.0010633468627929688 0.0009465217590332031 0.0010213851928710938 0.000985860824584961 0.0008423328399658203 0.0007200241088867188 0.0006191730499267578 0.00039887428283691406 0.00034737586975097656
pyBG app. bin=int_size/20
0.0015118122100830078 0.0013644695281982422 0.0012521743774414062 0.001177072525024414 0.0011224746704101562 0.0010943412780761719 0.0009922981262207031 0.0008516311645507812 0.0005540847778320312 0.0004971027374267578
