100000 200000 300000 400000 500000 600000 700000 800000 900000 1000000
pyBW exact
6.778792381286621 13.548947811126709 20.311233043670654 27.168550729751587 33.875070333480835 40.676509857177734 47.57030153274536 54.18317413330078 61.04581570625305 67.81108331680298
pyBW app.
13.469681978225708 26.885284662246704 40.30745601654053 53.773985862731934 67.16142129898071 80.59117531776428 94.21429896354675 107.54163551330566 121.06244659423828 134.35767912864685
pyBG exact
0.03310513496398926 0.06513428688049316 0.09688878059387207 0.12877416610717773 0.16071844100952148 0.19350028038024902 0.22463440895080566 0.25660014152526855 0.2888829708099365 0.3202197551727295
pyBG app. bin=100
0.005999088287353516 0.011892318725585938 0.01806950569152832 0.023735523223876953 0.029581308364868164 0.0357213020324707 0.04165935516357422 0.047272682189941406 0.05330920219421387 0.05939650535583496
pyBG app. bin=50
0.00956583023071289 0.018887758255004883 0.028288602828979492 0.037738800048828125 0.04716348648071289 0.056455373764038086 0.06582403182983398 0.0751194953918457 0.0853416919708252 0.09420537948608398
pyBG app. bin=25
0.011722087860107422 0.0231478214263916 0.034728050231933594 0.046442508697509766 0.05767536163330078 0.06982421875 0.08079862594604492 0.09250903129577637 0.1037895679473877 0.11554455757141113
