100 250 500 750 1000 2000 3000 4000 5000
pyBW exact
1.6102821826934814 2.002657890319824 1.7924408912658691 1.5365517139434814 1.6238691806793213 1.580533504486084 1.5703973770141602 1.636512279510498 1.72817063331604
pyBG exact
0.006669759750366211 0.00843667984008789 0.011274576187133789 0.0075299739837646484 0.007954835891723633 0.00999140739440918 0.010515689849853516 0.01120615005493164 0.011817455291748047
pyBW app.
1.9040603637695312 1.9360947608947754 1.8339431285858154 1.576589584350586 1.7206006050109863 1.719951868057251 1.7970073223114014 1.65620756149292 1.6631286144256592
pyBG app. bin=int_size/5
0.002339601516723633 0.002755403518676758 0.0014579296112060547 0.0012753009796142578 0.0012023448944091797 0.001146554946899414 0.0010974407196044922 0.0009942054748535156 0.0009834766387939453
pyBG app. bin=int_size/10
0.0018792152404785156 0.0017366409301757812 0.00159454345703125 0.0015544891357421875 0.001495361328125 0.0013477802276611328 0.0012819766998291016 0.0012383460998535156 0.0011866092681884766
pyBG app. bin=int_size/20
0.0023641586303710938 0.0021491050720214844 0.0019664764404296875 0.00199127197265625 0.0018634796142578125 0.0016946792602539062 0.0016138553619384766 0.0015537738800048828 0.0015060901641845703
100 250 500 750 1000 2000 3000 4000 5000
pyBW exact

pyBG exact
1.621246337890625e-05 8.58306884765625e-06 7.867813110351562e-06 7.62939453125e-06 7.62939453125e-06 7.867813110351562e-06 7.62939453125e-06 7.62939453125e-06 7.62939453125e-06
pyBW app.

100 250 500 750 1000 2000 3000 4000 5000
pyBW exact

pyBG exact
0.0017437934875488281 0.000774383544921875 0.0009496212005615234 0.0011026859283447266 0.0012640953063964844 0.0021750926971435547 0.0031478404998779297 0.0045680999755859375 0.005822181701660156
pyBW app.

