100000 200000 300000 400000 500000 600000 700000 800000 900000 1000000
pyBW exact
18.316174268722534 36.27020859718323 50.875311613082886 69.16397476196289 88.5446367263794 102.40772914886475 122.60736680030823 152.90104603767395 165.22707724571228 177.1432683467865
pyBW app.
18.84094548225403 35.37746047973633 54.75072526931763 69.94125056266785 89.68451762199402 104.01172590255737 127.00806927680969 145.15350651741028 152.6485559940338 182.6434588432312
pyBG exact
0.022955656051635742 0.04562258720397949 0.06756877899169922 0.09043693542480469 0.11293745040893555 0.13500642776489258 0.15772223472595215 0.18038272857666016 0.20267009735107422 0.22502756118774414
pyBG app. bin=100
0.011157035827636719 0.021162033081054688 0.03057861328125 0.04055905342102051 0.05115866661071777 0.059029340744018555 0.06901955604553223 0.0813138484954834 0.08817601203918457 0.09745478630065918
pyBG app. bin=50
0.018934011459350586 0.03146052360534668 0.04708981513977051 0.06372809410095215 0.07845616340637207 0.09445810317993164 0.11032485961914062 0.12643885612487793 0.1419219970703125 0.15732407569885254
pyBG app. bin=25
0.01810622215270996 0.03435778617858887 0.05131220817565918 0.07103514671325684 0.09000301361083984 0.10724449157714844 0.1212773323059082 0.13897275924682617 0.1569685935974121 0.17282676696777344
