100 250 500 750 1000 2500 5000 10000 50000 100000
pyBW exact
0.6246099472045898 0.6259829998016357 0.6281213760375977 0.6310830116271973 0.6340129375457764 0.6462161540985107 0.6663029193878174 0.7043018341064453 0.9903514385223389 1.3379778861999512
pyBW app.
0.6246316432952881 0.6262948513031006 1.469404697418213 1.4691615104675293 1.4701428413391113 1.4800758361816406 1.4809749126434326 1.4613862037658691 1.4692037105560303 1.4490633010864258
pyBG exact
0.0016674995422363281 0.0026509761810302734 0.004145383834838867 0.0055696964263916016 0.006930351257324219 0.014796257019042969 0.02644181251525879 0.0464632511138916 0.15866446495056152 0.2522876262664795
pyBG app. bin=int_size/5
0.002997159957885742 0.0016026496887207031 0.0005664825439453125 0.0005521774291992188 0.0005564689636230469 0.0005438327789306641 0.0005013942718505859 0.00048422813415527344 0.0004241466522216797 0.0004012584686279297
pyBG app. bin=int_size/10
0.00424647331237793 0.002691984176635742 0.0014913082122802734 0.0006566047668457031 0.000659942626953125 0.0006616115570068359 0.0006206035614013672 0.0006077289581298828 0.0005784034729003906 0.0005605220794677734
pyBG app. bin=int_size/20
0.005613803863525391 0.0042231082916259766 0.0029942989349365234 0.0010492801666259766 0.001062154769897461 0.0009877681732177734 0.0009865760803222656 0.0008940696716308594 0.0008215904235839844 0.0008244514465332031
