100 250 500 750 1000 2500 5000 10000 50000 100000
pyBW app.
percent_error 0.0 0.0 0.04442784410317926 0.02159692414648487 0.014403731264579337 0.10914831410076206 0.02635390185097575 0.3111471386817905 0.5710313649206662 1.5612357258784975 
ms_error 0.0 0.0 0.02484402461933994 0.02169156288230292 0.015819329360920013 0.007165307739094271 0.012924616913333836 0.13632002832558215 0.18316848774913602 0.44754487677786653 
abs_error 0.0 0.0 0.005775051545632954 0.005504303077894711 0.003528097166910133 0.006134898720404979 0.004811305407286647 0.018065030115121474 0.02441154527203144 0.06168644852147463 
not_included 0 0 65 50 45 26 15 5 0 0 
pyBG app. bin=int_size/5
percent_error 0.0023885651099875096 0.06107082672295839 0.027746345759390507 0.020070634150284282 0.1496847677488779 0.10938561866142732 0.13456310819943573 0.20740712460491892 0.8330376596545136 0.7136940786196903 
ms_error 0.001934554375833872 0.18166877224765796 0.0022906672013329765 0.014226226100716121 0.04441568319934998 0.014282920292051353 0.015744264971563653 0.1386486352805413 0.21356126060371872 0.17785649892741007 
abs_error 0.0008582206465426905 0.005903202742424088 0.0025948062109362093 0.005245164147133235 0.008252999763183649 0.007620819439449562 0.010858886551933079 0.016622023607040716 0.029198207683332054 0.037410238577700046 
not_included 23 65 70 116 139 166 232 244 273 250 
pyBG app. bin=int_size/10
percent_error 0.0009687106916305839 0.00171141222558004 0.0068324982591142554 0.009341864287011926 0.09249627954912741 0.05231990937017132 0.034074076074831434 0.09493394540103652 0.38530518702902233 0.4904617507536914 
ms_error 0.00046574672529174464 0.02235442734825213 0.00022113899014198374 0.0008682107291122886 0.009155511947410199 0.0047451953143745505 0.004279012044903967 0.009659951362963513 0.1845841409914096 0.09531022357373124 
abs_error 0.000343358801976538 0.002017763139497001 0.0007843736601497251 0.0013457277367973392 0.00285503100237897 0.0036402206516996487 0.004210679249323549 0.007595532311920705 0.020788123418908858 0.01915715118925356 
not_included 13 36 36 46 56 83 124 122 139 142 
pyBG app. bin=int_size/20
percent_error 0.0003234775530715143 0.0006089985642913235 0.002656081515042606 0.0032006855482625534 0.027230335529665285 0.021681953131885697 0.013573164457983275 0.0134463474104895 0.23692533748039996 0.23185047567226075 
ms_error 5.238519795604649e-07 0.0011586905613133113 3.4614979732276994e-05 0.00015097400839205797 0.0007461975535500643 0.0005091711764564643 0.0038715268394268363 0.0015912673374584567 0.0415048704908248 0.03993750419271083 
abs_error 2.7623370099181427e-05 0.0005232615218767284 0.0002785811533110625 0.00040912594521565155 0.0007039155893933641 0.0011230695599322178 0.002580799907455121 0.0024353978920964776 0.010314701757231544 0.011886321385123405 
not_included 4 10 21 21 27 41 57 60 65 77 
