100000 200000 300000 400000 500000 600000 700000 800000 900000 1000000
pyBW exact
6.284644603729248 12.544445276260376 18.83427667617798 25.140806674957275 31.420111894607544 37.71089196205139 44.094207525253296 50.15883255004883 56.5121853351593 62.83603000640869
pyBW app.
14.80697226524353 29.324021100997925 43.97670578956604 58.71601057052612 73.33260536193848 88.0549168586731 102.80879616737366 117.32295322418213 131.99406909942627 146.8298578262329
pyBG exact
0.040259599685668945 0.0814354419708252 0.12149953842163086 0.1611320972442627 0.20026278495788574 0.2399134635925293 0.2803483009338379 0.3209950923919678 0.360398530960083 0.40038228034973145
pyBG app. bin=100
0.004749774932861328 0.009314537048339844 0.01383519172668457 0.018337011337280273 0.02290034294128418 0.028301715850830078 0.03210091590881348 0.03675198554992676 0.041132211685180664 0.0459139347076416
pyBG app. bin=50
0.005709409713745117 0.011445760726928711 0.01689934730529785 0.02240276336669922 0.027998924255371094 0.03362107276916504 0.039101362228393555 0.04475903511047363 0.05024838447570801 0.05595660209655762
pyBG app. bin=25
0.009394168853759766 0.01858234405517578 0.027914762496948242 0.03707575798034668 0.04672646522521973 0.055513620376586914 0.06501603126525879 0.07454609870910645 0.08323192596435547 0.09235930442810059
