100 250 500 750 1000 2000 3000 4000 5000
pyBW exact
1.3586812019348145 1.2900481224060059 1.3094744682312012 1.3129894733428955 1.313521146774292 1.3821613788604736 1.4124417304992676 1.4187536239624023 1.3797681331634521
pyBG exact
0.005646467208862305 0.00622868537902832 0.006762027740478516 0.007263898849487305 0.0077495574951171875 0.008764266967773438 0.009529352188110352 0.010443449020385742 0.010868310928344727
pyBW app.
1.3293883800506592 1.3106637001037598 1.3335387706756592 1.3614397048950195 1.3160831928253174 1.7031469345092773 1.7829053401947021 1.709782361984253 1.7644634246826172
pyBG app. bin=int_size/5
0.0017309188842773438 0.001798391342163086 0.0022056102752685547 0.0020902156829833984 0.0015635490417480469 0.0011000633239746094 0.001070261001586914 0.0010330677032470703 0.0010790824890136719
pyBG app. bin=int_size/10
0.0032701492309570312 0.004108428955078125 0.0017628669738769531 0.002010345458984375 0.0014681816101074219 0.0012667179107666016 0.0012264251708984375 0.0012440681457519531 0.0012204647064208984
pyBG app. bin=int_size/20
0.0035533905029296875 0.00263214111328125 0.002093076705932617 0.002117156982421875 0.0018618106842041016 0.0016641616821289062 0.0015835762023925781 0.0015423297882080078 0.0014874935150146484
