100000 200000 300000 400000 500000 600000 700000 800000 900000 1000000
pyBW exact
15.288001298904419 31.65485119819641 54.66478753089905 73.81391453742981 91.03133368492126 96.65535616874695 97.33534502983093 113.45415234565735 133.72681617736816 146.12200736999512
pyBG exact
0.06790733337402344 0.1389446258544922 0.20607590675354004 2.89699387550354 0.485628604888916 0.40239405632019043 0.4634671211242676 0.5439262390136719 0.6033170223236084 0.6678478717803955
pyBW app.
16.337255716323853 31.33069610595703 52.704243898391724 68.1120970249176 80.08354830741882 112.66581654548645 98.01744198799133 114.10399222373962 131.10386729240417 147.61071610450745
pyBG app. bin=100
0.011567354202270508 0.022028207778930664 0.03152799606323242 0.04177570343017578 0.05275774002075195 0.06284952163696289 0.07273221015930176 0.08368444442749023 0.09394288063049316 0.10445284843444824
pyBG app. bin=50
0.014734983444213867 0.02738165855407715 0.04089093208312988 0.05495572090148926 0.06830883026123047 0.08227396011352539 0.09673118591308594 0.11105465888977051 0.12540864944458008 0.13790202140808105
pyBG app. bin=25
0.020595073699951172 0.035646677017211914 0.05268597602844238 0.07359075546264648 0.10004162788391113 0.11887335777282715 0.14385342597961426 0.14098596572875977 0.15885663032531738 0.1756129264831543
