100 250 500 750 1000 2000 3000 4000 5000
pyBW app.
percent_error 0.0 0.0 0.0 0.0 0.0 0.12876640013742785 0.07785801815751618 0.05238072679784191 0.048515713881948634 
ms_error 0.0 0.0 0.0 0.0 0.0 231.13894663391608 97.2997835721028 54.82365323179074 32.974266962041206 
abs_error 0.0 0.0 0.0 0.0 0.0 5.647237902973561 3.8141163969057614 2.8118334027315357 2.2619828554318007 
num_actual_0 0 0 0 0 0 47 35 20 11 
pyBG app. bin=int_size/5
percent_error 0.016001145433790703 0.03200065011120534 0.03934994816088677 0.041418933037503186 0.04414349280312875 0.060199051516001044 0.04220701984461759 0.048658984139223975 0.04464596064482097 
ms_error 0.479894533080972 1.4630282049339478 3.4560035639885203 6.844281585444953 9.509247455550149 18.6303604448678 26.81736658403331 33.5903998152727 35.010659777306685 
abs_error 0.28937636717963977 0.5661009458664582 0.9113115379864104 1.2018135117189743 1.4342481697822846 1.9644503636586876 2.1678477180359703 2.2360564257280346 2.2695575550238005 
num_actual_0 125 175 140 108 63 25 29 18 11 
pyBG app. bin=int_size/10
percent_error 0.005207809953740135 0.011083341573131364 0.012971538491243098 0.016000074566041203 0.014500481777352903 0.01745134614137202 0.019370206614146006 0.019684175655230632 0.023042826252759434 
ms_error 0.06075905265203753 0.14539537887522652 0.35247561164544505 0.5817603259971095 0.8931241485897781 2.367863619236691 4.204117629501685 4.917927139090445 5.662209960255119 
abs_error 0.08329319898488723 0.16760081819040665 0.2841661039057015 0.3809236282350843 0.46396357040077457 0.7305472820604082 0.914459014374731 0.9920684108110992 1.0355018071387525 
num_actual_0 59 89 76 57 37 13 17 9 9 
pyBG app. bin=int_size/20
percent_error 0.0015783194361759726 0.00321848518250887 0.0038188344340448926 0.0046331731763854704 0.005225502559787084 0.0060203545414500475 0.006402656601662395 0.007754650404444401 0.009939852870363293 
ms_error 0.007413180357993553 0.014526787978338795 0.038049570788166905 0.05739882691985253 0.08775110580856031 0.22034804148119155 0.37413092734444975 0.6340800248452444 0.7396574234531049 
abs_error 0.021609553572695558 0.04444024153892301 0.08613844333277076 0.11670181896947845 0.14387893930493073 0.23684368362120012 0.30447390226551424 0.3697006894204321 0.4186901963257466 
num_actual_0 25 46 37 26 17 5 11 4 3 
