100 250 500 750 1000 2000 3000 4000 5000
pyBW exact
2.2569591999053955 2.058549642562866 2.059333562850952 2.066221237182617 2.183450222015381 2.314755916595459 2.2476634979248047 2.2027106285095215 2.2181081771850586
pyBG exact
0.005995512008666992 0.007073879241943359 0.006975650787353516 0.00734257698059082 0.0075855255126953125 0.009081840515136719 0.010277032852172852 0.009418725967407227 0.010390758514404297
pyBW app.
2.135453224182129 2.3539936542510986 2.036273956298828 2.0621237754821777 2.1086695194244385 1.6470937728881836 1.6519100666046143 1.6712636947631836 1.6632053852081299
pyBG app. bin=int_size/5
0.001996278762817383 0.0016927719116210938 0.0016117095947265625 0.001650094985961914 0.0017278194427490234 0.0017964839935302734 0.0014467239379882812 0.001363515853881836 0.0012772083282470703
pyBG app. bin=int_size/10
0.0019943714141845703 0.001758575439453125 0.0018069744110107422 0.001680135726928711 0.0017197132110595703 0.0017650127410888672 0.001779317855834961 0.001687765121459961 0.0015971660614013672
pyBG app. bin=int_size/20
0.0024747848510742188 0.0022394657135009766 0.0019826889038085938 0.002117156982421875 0.002155780792236328 0.0020055770874023438 0.00205230712890625 0.002053976058959961 0.0019905567169189453
