100000 200000 300000 400000 500000 600000 700000 800000 900000 1000000
pyBW exact
19.33808398246765 38.78543972969055 58.0387122631073 77.39090728759766 97.07964825630188 120.84044361114502 159.4645824432373 166.668555021286 196.10916352272034 209.71325659751892
pyBG exact
0.06508874893188477 0.12466049194335938 0.20036053657531738 0.25364255905151367 0.3088202476501465 0.3876621723175049 0.45836305618286133 0.5586655139923096 0.5746195316314697 0.6721086502075195
pyBW app.
20.090290784835815 39.02413201332092 58.17812919616699 76.70329093933105 96.78039908409119 116.39877605438232 152.28250551223755 172.08817172050476 189.44585371017456 210.49219727516174
pyBG app. bin=100
0.01248931884765625 0.019364595413208008 0.030059814453125 0.040209054946899414 0.05321383476257324 0.05881619453430176 0.0749361515045166 0.07769942283630371 0.08022856712341309 0.08905482292175293
pyBG app. bin=50
0.016924381256103516 0.028434038162231445 0.04041767120361328 0.05437326431274414 0.06734633445739746 0.08227086067199707 0.0964503288269043 0.10845828056335449 0.12608075141906738 0.13775181770324707
pyBG app. bin=25
0.018720149993896484 0.03460335731506348 0.05170011520385742 0.07049059867858887 0.08773922920227051 0.10665392875671387 0.1256237030029297 0.14236235618591309 0.15967249870300293 0.17777085304260254
