100 250 500 750 1000 2000 3000 4000 5000
pyBW exact
0.5927941799163818 0.6098828315734863 0.6319849491119385 0.6567795276641846 0.6791679859161377 0.766026496887207 0.8469960689544678 0.9322965145111084 1.0165824890136719
pyBW app.
0.5978972911834717 0.6153719425201416 1.2709345817565918 1.2755680084228516 1.2776944637298584 1.2531120777130127 1.2536201477050781 1.2580578327178955 1.2597169876098633
pyBG exact
0.0028913021087646484 0.003437519073486328 0.00412440299987793 0.004818916320800781 0.0053462982177734375 0.007681608200073242 0.00984334945678711 0.01256704330444336 0.0150604248046875
pyBG app. bin=int_size/5
0.0012907981872558594 0.001130819320678711 0.0010907649993896484 0.000997781753540039 0.0009768009185791016 0.0009028911590576172 0.0008082389831542969 0.0007688999176025391 0.0007262229919433594
pyBG app. bin=int_size/10
0.001550436019897461 0.0013668537139892578 0.0012276172637939453 0.0012097358703613281 0.0011832714080810547 0.0011014938354492188 0.0010318756103515625 0.0010006427764892578 0.0009386539459228516
pyBG app. bin=int_size/20
0.0019085407257080078 0.0017478466033935547 0.0016133785247802734 0.0014939308166503906 0.0015053749084472656 0.0014083385467529297 0.0013833045959472656 0.001325368881225586 0.0012631416320800781
