100 250 500 750 1000 2000 3000 4000 5000
pyBW app.
percent_error 0.0 0.0 0.0580242558008088 0.02793715750108419 0.01683754568079875 0.0493824945811154 0.03328655937850404 0.02759039315770581 0.02148422691371298 
ms_error 0.0 0.0 0.004411003767886147 0.009417882651910717 0.000961468135195693 0.009408527410512336 0.0024620433221409868 0.0012992740603891657 0.0013142061548692802 
abs_error 0.0 0.0 0.014059053474400156 0.010724547686962826 0.007456185467224446 0.024579840434324467 0.01662404711336062 0.01222179568415372 0.00996968819490588 
not_included 0 0 59 20 13 13 9 8 6 
pyBG app. bin=int_size/5
percent_error 0.007876569934966193 0.02113303627571576 0.022811349166467418 0.0252240799094164 0.022941086843935036 0.027556492134963993 0.02906120391061851 0.03360915395205812 0.027056929618975885 
ms_error 2.004042794570881e-05 0.0001041086696763592 0.0004774001809059511 0.0018674263645823423 0.003128705986359849 0.0029441878302605157 0.001719856768125256 0.003190255555618378 0.0025450812990798996 
abs_error 0.0019798244034577883 0.004019784388210739 0.006088620542598234 0.008660888214187404 0.010342311853735344 0.013975559691417058 0.013990316828375898 0.014993808132134407 0.014766486786087933 
not_included 72 75 46 16 22 13 13 8 11 
pyBG app. bin=int_size/10
percent_error 0.002566705558734167 0.00708872616542202 0.007947195571418857 0.006935851780798099 0.007525902547476363 0.00991226001431358 0.012147162318196422 0.015300570041010679 0.01414598264438886 
ms_error 2.733833224455445e-06 8.349392773166753e-06 0.00011093179686496919 0.00018171505594829118 8.865638895455285e-05 0.0010514331089316383 0.0006356907719178641 0.0006958855160508073 0.0008067052962786883 
abs_error 0.0006254100293168253 0.0011917546460793018 0.0019766140224191917 0.0026235146419295893 0.0031261141313635747 0.00511919352994641 0.00629088034768308 0.006978454460304149 0.007365960841559928 
not_included 34 42 26 10 9 8 7 6 3 
pyBG app. bin=int_size/20
percent_error 0.0005094620969638303 0.0018585280386991126 0.002496246375302358 0.0022615577577444024 0.002346419743690653 0.0031462500965907265 0.004039620634580376 0.005194466423003865 0.005897381872118649 
ms_error 2.717869651196945e-07 5.465593610207077e-07 9.469723080114897e-06 9.050094057217134e-05 1.0290820546738466e-05 2.1218863350426065e-05 6.767485294704646e-05 0.00010199886144742057 0.00017769353061241423 
abs_error 0.00018221882495638738 0.00034615958346380187 0.0006244564313107281 0.0008865683666615648 0.0009965024882853176 0.0015180439115246027 0.0020589119074384426 0.002407053931125463 0.0029302877121641126 
not_included 14 18 14 3 2 2 3 3 0 
