100000 200000 300000 400000 500000 600000 700000 800000 900000 1000000
pyBW exact
6.306811809539795 12.606421947479248 18.85970640182495 25.156485319137573 31.42676067352295 37.80121922492981 44.04736518859863 50.29187345504761 56.492533922195435 62.87085795402527
pyBW app.
12.644474744796753 25.303398609161377 37.99331021308899 50.64139699935913 63.312384843826294 75.96312832832336 88.6771650314331 101.28574109077454 113.90395331382751 126.58746480941772
pyBG exact
0.04004025459289551 0.07862973213195801 0.11577367782592773 0.1531050205230713 0.19015049934387207 0.2275981903076172 0.26303958892822266 0.29948902130126953 0.3359334468841553 0.3732144832611084
pyBG app. bin=100
0.009192705154418945 0.01851201057434082 0.028254032135009766 0.03917670249938965 0.04718279838562012 0.056559085845947266 0.06565451622009277 0.07478857040405273 0.08362364768981934 0.09205222129821777
pyBG app. bin=50
0.0118255615234375 0.023088693618774414 0.03489065170288086 0.04591774940490723 0.05812358856201172 0.06903815269470215 0.08003115653991699 0.09120678901672363 0.10171222686767578 0.11505436897277832
pyBG app. bin=25
0.014404773712158203 0.028806209564208984 0.0443110466003418 0.057914018630981445 0.07102584838867188 0.0847620964050293 0.09839415550231934 0.11269474029541016 0.12381458282470703 0.1389451026916504
