100 250 500 750 1000 2000 3000 4000 5000
pyBW exact
0.5925631523132324 0.6113941669464111 0.6319582462310791 0.6564218997955322 0.6786150932312012 0.7651422023773193 0.8459014892578125 0.9311473369598389 1.0151801109313965
pyBW app.
0.5960533618927002 0.614931583404541 1.2757036685943604 1.279642105102539 1.280066728591919 1.25657057762146 1.2596759796142578 1.261023759841919 1.2642347812652588
pyBG exact
0.0028123855590820312 0.00342559814453125 0.0041577816009521484 0.004796743392944336 0.0053920745849609375 0.007796764373779297 0.009813547134399414 0.012632131576538086 0.015025854110717773
pyBG app. bin=int_size/5
0.0012357234954833984 0.0010924339294433594 0.0011067390441894531 0.0009989738464355469 0.000972747802734375 0.0008788108825683594 0.00086212158203125 0.0007641315460205078 0.0007264614105224609
pyBG app. bin=int_size/10
0.0015647411346435547 0.0013751983642578125 0.0012333393096923828 0.0012097358703613281 0.0011792182922363281 0.0011219978332519531 0.001096963882446289 0.0010190010070800781 0.0009398460388183594
pyBG app. bin=int_size/20
0.0019037723541259766 0.0017290115356445312 0.0015430450439453125 0.0015342235565185547 0.0014483928680419922 0.0013704299926757812 0.0013744831085205078 0.0013093948364257812 0.0012497901916503906
