100000 200000 300000 400000 500000 600000 700000 800000 900000 1000000
pyBW exact
6.619130849838257 12.546048164367676 18.78556799888611 25.045048236846924 31.274827003479004 37.63591551780701 43.875335693359375 50.14532279968262 56.410557985305786 62.64585256576538
pyBW app.
13.013558149337769 25.58654522895813 38.07456922531128 50.71961188316345 63.388346910476685 76.11822867393494 88.87983250617981 101.57476091384888 114.23351812362671 126.95024633407593
pyBG exact
0.04246234893798828 0.07791829109191895 0.11543035507202148 0.15290379524230957 0.1895279884338379 0.22632670402526855 0.26233363151550293 0.2991526126861572 0.3365364074707031 0.37444591522216797
pyBG app. bin=100
0.009130477905273438 0.018561124801635742 0.028518199920654297 0.038378238677978516 0.0465083122253418 0.05654120445251465 0.06531023979187012 0.07498693466186523 0.08310914039611816 0.09175705909729004
pyBG app. bin=50
0.011545658111572266 0.02260899543762207 0.03482961654663086 0.04664134979248047 0.057587385177612305 0.06889629364013672 0.08037519454956055 0.09063339233398438 0.10174012184143066 0.1143639087677002
pyBG app. bin=25
0.01417851448059082 0.028580427169799805 0.042710304260253906 0.05758500099182129 0.0703592300415039 0.08340072631835938 0.09731292724609375 0.11148190498352051 0.1235494613647461 0.13672924041748047
