100 250 500 750 1000 2000 3000 4000 5000
pyBW exact
1.9917523860931396 1.9011099338531494 1.8586325645446777 2.00496506690979 2.039289712905884 1.8236982822418213 1.9323017597198486 1.9127342700958252 1.9013736248016357
pyBG exact
0.008427858352661133 0.00628209114074707 0.00670170783996582 0.011445999145507812 0.007583141326904297 0.008778810501098633 0.00995779037475586 0.01072835922241211 0.011177778244018555
pyBW app.
1.8981623649597168 1.87571120262146 1.8330674171447754 2.0537686347961426 2.1693332195281982 2.017373561859131 1.8593597412109375 1.7456157207489014 1.8802595138549805
pyBG app. bin=int_size/5
0.0016376972198486328 0.001430511474609375 0.0013535022735595703 0.0013229846954345703 0.0012831687927246094 0.0011355876922607422 0.0010759830474853516 0.0010001659393310547 0.0009350776672363281
pyBG app. bin=int_size/10
0.0023343563079833984 0.0017769336700439453 0.0016427040100097656 0.0015926361083984375 0.0015096664428710938 0.0014140605926513672 0.0018856525421142578 0.0033867359161376953 0.001728057861328125
pyBG app. bin=int_size/20
0.0024080276489257812 0.0037622451782226562 0.0025200843811035156 0.0020270347595214844 0.0018775463104248047 0.0017647743225097656 0.0017087459564208984 0.0016651153564453125 0.002245187759399414
100 250 500 750 1000 2000 3000 4000 5000
pyBW exact

pyBG exact
1.52587890625e-05 9.298324584960938e-06 7.867813110351562e-06 7.867813110351562e-06 8.106231689453125e-06 7.867813110351562e-06 7.62939453125e-06 8.106231689453125e-06 8.106231689453125e-06
pyBW app.

