100 250 500 750 1000 2000 3000 4000 5000
pyBW app.
percent_error 0.0 0.0 0.0 0.0 0.11725755989202973 0.05422910329705201 0.03545551073244076 0.11007029206199043 0.11254753988357953 
ms_error 0.0 0.0 0.0 0.0 0.005943198756672125 0.0013720073829967558 0.0006831001070723605 0.006145776735925035 0.004177559828897754 
abs_error 0.0 0.0 0.0 0.0 0.030338007845134313 0.014577820006934248 0.010362342407446889 0.032698871566047664 0.0254795768061305 
num_actual_0 0 0 0 0 112 68 40 119 77 
pyBG app. bin=int_size/5
percent_error 0.031176568462489694 0.05012818909034008 0.05921679675031314 0.055609299574245694 0.055930352652436656 0.054229105497770165 0.05219789124143164 0.05218689687793892 0.053829954898269465 
ms_error 0.00014091346858333655 0.0004614107091497949 0.0008097268289746818 0.0012385245613893638 0.0012970651819033435 0.0013720072039127315 0.0016343070146037678 0.001724831999538177 0.0017178410960684346 
abs_error 0.0047477448049854185 0.008830924614873148 0.012981624341708218 0.014910106628552817 0.01457769551193366 0.014577819552623213 0.015247875151026293 0.015647886179118817 0.015571999956369365 
num_actual_0 216 144 70 64 61 68 73 71 63 
pyBG app. bin=int_size/10
percent_error 0.009082838735695478 0.017551203740714654 0.022348193120973293 0.02467388538433075 0.027161828245439237 0.027767582626235292 0.028108451801895334 0.025136992690478793 0.02738657215119712 
ms_error 1.3863468326946191e-05 4.7854635243006885e-05 0.000107829561330386 0.00015491205081218692 0.0002084470483918095 0.00033373242663639255 0.000408829425880122 0.00036063199978313306 0.0004067632076442737 
abs_error 0.0013650886865633697 0.002770319719096661 0.004524193945882324 0.005797280776918624 0.0065842055601058646 0.007483723660655862 0.007752251681579356 0.007494130352310381 0.007539105678619416 
num_actual_0 106 71 35 36 29 35 33 37 33 
pyBG app. bin=int_size/20
percent_error 0.0022877782264635453 0.004944404444020267 0.008144600226341085 0.00912138596432582 0.010228511566755681 0.014342992364629265 0.015441153596293096 0.013157055191545529 0.01526074956391638 
ms_error 2.1673531511274414e-06 3.99651790566426e-06 1.0254707040217608e-05 1.5882593794554195e-05 2.5551610540660356e-05 5.29596598594322e-05 8.463045338621568e-05 8.70978695435135e-05 0.0001041162634963134 
abs_error 0.00036915307177086583 0.0007578965939116273 0.0014064877333162657 0.0019005372642834405 0.0022832605974649565 0.003359630562018223 0.003892616883540764 0.00374418700354138 0.003956842676674818 
num_actual_0 59 30 20 20 14 17 11 17 16 
