100000 200000 300000 400000 500000 600000 700000 800000 900000 1000000
pyBW exact
18.839476108551025 36.95874762535095 55.26872372627258 70.92704153060913 91.4594829082489 98.90621376037598 116.2219672203064 132.6059501171112 148.4392249584198 166.7127239704132
pyBG exact
0.09029817581176758 0.16698837280273438 0.23390769958496094 0.306438684463501 0.41544389724731445 0.44761133193969727 0.5218808650970459 0.595128059387207 0.6700527667999268 0.7487139701843262
pyBW app.
19.362516403198242 38.440064907073975 52.29002237319946 71.01817226409912 91.23634719848633 110.2642753124237 115.35388588905334 131.5977909564972 148.8433392047882 165.84490036964417
pyBG app. bin=100
0.010149240493774414 0.014191150665283203 0.019919872283935547 0.027448654174804688 0.037598609924316406 0.04141497611999512 0.05058002471923828 0.05449628829956055 0.06193828582763672 0.07027387619018555
pyBG app. bin=50
0.012948751449584961 0.024049758911132812 0.03699231147766113 0.04760599136352539 0.059108734130859375 0.06996345520019531 0.08224225044250488 0.09488749504089355 0.10535860061645508 0.11794066429138184
pyBG app. bin=25
0.017345905303955078 0.03323960304260254 0.050260066986083984 0.06591057777404785 0.0818634033203125 0.1047217845916748 0.11858201026916504 0.13918828964233398 0.14715790748596191 0.16339945793151855
100000 200000 300000 400000 500000 600000 700000 800000 900000 1000000
pyBW exact

pyBG exact
2.6226043701171875e-05 1.9311904907226562e-05 2.8848648071289062e-05 2.956390380859375e-05 2.8371810913085938e-05 2.9802322387695312e-05 3.2901763916015625e-05 3.457069396972656e-05 3.695487976074219e-05 3.886222839355469e-05
pyBW app.

