100 250 500 750 1000 2000 3000 4000 5000
pyBW exact
1.9917523860931396 1.9011099338531494 1.8586325645446777 2.00496506690979 2.039289712905884 1.8236982822418213 1.9323017597198486 1.9127342700958252 1.9013736248016357
pyBW app.
1.8981623649597168 1.87571120262146 1.8330674171447754 2.0537686347961426 2.1693332195281982 2.017373561859131 1.8593597412109375 1.7456157207489014 1.8802595138549805
pyBG exact
0.0017838478088378906 0.0008370876312255859 0.0010499954223632812 0.0012357234954833984 0.001428842544555664 0.002490520477294922 0.0038025379180908203 0.005721330642700195 0.0067064762115478516
pyBG app. bin=int_size/5
0.0016376972198486328 0.001430511474609375 0.0013535022735595703 0.0013229846954345703 0.0012831687927246094 0.0011355876922607422 0.0010759830474853516 0.0010001659393310547 0.0009350776672363281
pyBG app. bin=int_size/10
0.0023343563079833984 0.0017769336700439453 0.0016427040100097656 0.0015926361083984375 0.0015096664428710938 0.0014140605926513672 0.0018856525421142578 0.0033867359161376953 0.001728057861328125
pyBG app. bin=int_size/20
0.0024080276489257812 0.0037622451782226562 0.0025200843811035156 0.0020270347595214844 0.0018775463104248047 0.0017647743225097656 0.0017087459564208984 0.0016651153564453125 0.002245187759399414
