100 250 500 750 1000 2000 3000 4000 5000
pyBW exact
0.5474131107330322 0.5562427043914795 0.5614800453186035 0.5666725635528564 0.5717215538024902 0.5907809734344482 0.6102988719940186 0.6312878131866455 0.6498069763183594
pyBW app.
0.5492219924926758 0.5565328598022461 0.5640995502471924 0.5677740573883057 1.06414794921875 1.0657892227172852 1.0717251300811768 1.1107048988342285 1.1107773780822754
pyBG exact
0.002120494842529297 0.0025091171264648438 0.0027849674224853516 0.002950429916381836 0.0031232833862304688 0.003739595413208008 0.004361152648925781 0.004832029342651367 0.005419254302978516
pyBG app. bin=int_size/5
0.0011932849884033203 0.0010650157928466797 0.0010085105895996094 0.0009675025939941406 0.0009343624114990234 0.0008246898651123047 0.0007662773132324219 0.0007190704345703125 0.0006852149963378906
pyBG app. bin=int_size/10
0.0014901161193847656 0.0012836456298828125 0.001216888427734375 0.0011649131774902344 0.0011489391326904297 0.0010547637939453125 0.000990152359008789 0.0009908676147460938 0.0008714199066162109
pyBG app. bin=int_size/20
0.0018985271453857422 0.0016589164733886719 0.0015177726745605469 0.0014693737030029297 0.0014450550079345703 0.0013439655303955078 0.0013129711151123047 0.0012538433074951172 0.0011775493621826172
