100 250 500 750 1000 2000 3000 4000 5000
pyBW app.
percent_error 0.0 0.0 0.0 0.0 0.1255898975443818 0.05363061716101005 0.03516239397782826 0.09114127662993389 0.0872880761094697 
ms_error 0.0 0.0 0.0 0.0 0.009614450397700878 0.002489896757230671 0.001189051425561025 0.006303718794535448 0.004427075879693718 
abs_error 0.0 0.0 0.0 0.0 0.051019112880215656 0.02566465470799298 0.0172076873705434 0.04068223963535588 0.034312059961004726 
num_actual_0 0 0 0 0 115 65 41 110 73 
pyBG app. bin=int_size/5
percent_error 0.07166997629326492 0.12032136033960074 0.12812502146351612 0.12762761734643255 0.12116598063186329 0.10921184457832121 0.09909071167554764 0.09451668204172049 0.09026007453532703 
ms_error 0.004414620084095363 0.010076382004202826 0.013971148280453972 0.01654644039017781 0.012735414361816678 0.010692011321957386 0.010720779536903846 0.009510221824813257 0.0104645527688774 
abs_error 0.036498557778917994 0.06332527497739533 0.06948041344013683 0.07106514125137735 0.06730804965178992 0.060190402753326495 0.055577944306141214 0.0527399590188664 0.050455300412422875 
num_actual_0 0 0 0 0 0 0 0 0 0 
pyBG app. bin=int_size/10
percent_error 0.04002158031364115 0.06397985535165411 0.06875321237006324 0.06961885855953219 0.0674794740896484 0.06307015453516758 0.059204174411802785 0.05684709754020401 0.053567979171344565 
ms_error 0.0008666371251698665 0.0025684399354813678 0.0034481396271642084 0.003988124721449871 0.003370292264131348 0.0030590538554211406 0.0032506536683513778 0.0031714577222523074 0.0023007505795344897 
abs_error 0.016644149994226573 0.03021215737716112 0.034472566220514124 0.036023643266783235 0.03538791634988691 0.03358101884175543 0.03159192055906962 0.030234095149287713 0.028284428539018223 
num_actual_0 0 0 0 0 0 0 0 0 0 
pyBG app. bin=int_size/20
percent_error 0.0200409207671046 0.03263315513565607 0.03498433299045289 0.03436865580532267 0.03642596508616675 0.035504235816872606 0.034336646547411934 0.03329660565787913 0.03173282579985688 
ms_error 0.00016040793757212847 0.0005104845331277918 0.0009357483894128219 0.0009877988419279133 0.0009129099743787427 0.0009441895725033899 0.000985351448459373 0.0012571096116721406 0.000783091090340708 
abs_error 0.007027304883358963 0.013847233478085738 0.016845007114149664 0.01665879258072877 0.01813355913143823 0.018341222929481944 0.017786776383181272 0.017309904707933612 0.016284727105307366 
num_actual_0 0 0 0 0 0 0 0 0 0 
