100000 200000 300000 400000 500000 600000 700000 800000 900000 1000000
pyBW exact
5.5642735958099365 11.144207954406738 16.7071692943573 22.2135808467865 27.758116960525513 33.339584827423096 38.86592221260071 44.378937005996704 49.9425151348114 55.55098581314087
pyBW app.
8.785006523132324 11.186121702194214 16.74503493309021 22.288835525512695 27.82994508743286 33.42647957801819 38.95932674407959 44.472187757492065 50.063963890075684 55.65474033355713
pyBG exact
0.02722787857055664 0.053899288177490234 0.07947111129760742 0.10288715362548828 0.12751317024230957 0.15194964408874512 0.17681026458740234 0.20250558853149414 0.22575640678405762 0.25128984451293945
pyBG app. bin=100
0.008824348449707031 0.017801523208618164 0.02759528160095215 0.03696703910827637 0.0458073616027832 0.05440878868103027 0.06320810317993164 0.07207655906677246 0.08121109008789062 0.08868837356567383
pyBG app. bin=50
0.011211156845092773 0.022156238555908203 0.035223960876464844 0.045082807540893555 0.0570068359375 0.06867694854736328 0.07896041870117188 0.08951950073242188 0.09984397888183594 0.11190366744995117
pyBG app. bin=25
0.014292001724243164 0.027914762496948242 0.04237008094787598 0.05589723587036133 0.0696108341217041 0.08301854133605957 0.09598326683044434 0.10923933982849121 0.12246179580688477 0.13691377639770508
