100 250 500 750 1000 2500 5000 10000 50000 100000
pyBW app.
percent_error 0.0 0.0 0.0 0.0 0.0 0.0507321519072668 0.029967794745075587 0.07454344557657432 0.05858181199529528 0.028659224709019843 
ms_error 0.0 0.0 0.0 0.0 0.0 0.1991194824585108 0.07373811542162408 0.5981914560537407 0.30702752104697373 0.16753387042382062 
abs_error 0.0 0.0 0.0 0.0 0.0 0.15520575230827327 0.08863376260112182 0.20886823769561105 0.18152299621459306 0.09314433162652855 
not_included 0 0 0 0 0 273 143 40 1 0 
pyBG app. bin=int_size/5
percent_error 0.0006809055824661012 0.0017838629460162202 0.004373595661618864 0.0074624219748516425 0.008913214241815971 0.020540655296081223 0.02850710307524273 0.03980805554243354 0.04576019820301808 0.03954740526572776 
ms_error 0.0033196151755432034 0.00915713825539369 0.023764738542179514 0.026244853347646334 0.033324916161827985 0.07236442308894109 0.12698947129102695 0.17458062049711465 3.5037656165094466 3.453775723399237 
abs_error 0.0053065441691552305 0.012957934150381541 0.027221155250064088 0.0354017349041122 0.041679176213394925 0.08018830153339992 0.11034960031170553 0.12849204128474662 0.1657142627098929 0.14850706511215608 
not_included 28 72 141 168 186 277 290 160 33 28 
pyBG app. bin=int_size/10
percent_error 0.0001697397785745219 0.0004952240837133524 0.0014860999081072223 0.002385869975369218 0.002805995729199454 0.008083843141114816 0.012399269280298948 0.017263403743545364 0.023308981181830744 0.022351647846948205 
ms_error 0.0013363113672213084 0.004172615494820436 0.009218995353603546 0.011206112943061267 0.011250447240410659 0.025004787720434643 0.03578304456649944 0.04661202907309539 4.291369714331035 3.3951635729984706 
abs_error 0.0021073228833396206 0.0057129651380489095 0.011653134178643334 0.015052097734147847 0.016137511355421096 0.03249942581520244 0.04703394409113411 0.054743937147972016 0.09855717704559352 0.09360216521715148 
not_included 12 37 76 94 92 138 151 84 16 17 
pyBG app. bin=int_size/20
percent_error 5.2782334102470696e-05 0.00011269416206693827 0.00043277706271932525 0.0006581637373430633 0.0009320514731775211 0.0025904664879713222 0.00489216235518302 0.007253873242928929 0.010416983382660958 0.011776557649973991 
ms_error 0.0007838851860406911 0.0016502047871341532 0.003940283110784257 0.004543317400434255 0.0052352536330672 0.010045122008880854 0.0117811508444036 0.01222311894877258 0.1683200844506826 4.26147387889081 
abs_error 0.0011919347847597754 0.002252098368034741 0.005064574321041607 0.0058960241387335565 0.0068379756691499495 0.012821487248563196 0.01843105622472445 0.022400813989349358 0.03620126151795222 0.06252966875366585 
not_included 7 16 37 41 46 67 73 42 9 7 
