100 250 500 750 1000 2500 5000 10000 50000 100000
pyBW exact
0.5975148677825928 0.6004824638366699 0.6012725830078125 0.6043751239776611 0.601841926574707 0.6070477962493896 0.6167604923248291 0.6271631717681885 0.7215976715087891 0.8231992721557617
pyBW app.
0.5989935398101807 0.597867488861084 0.6035194396972656 0.6021347045898438 0.6029808521270752 1.6866624355316162 1.6963245868682861 1.6434223651885986 1.486680507659912 1.483358383178711
pyBG exact
0.001416921615600586 0.0022606849670410156 0.003332853317260742 0.00429224967956543 0.005424976348876953 0.009780645370483398 0.015914440155029297 0.023795127868652344 0.061763763427734375 0.10191845893859863
pyBG app. bin=int_size/5
0.0015006065368652344 0.0007426738739013672 0.0009737014770507812 0.0007488727569580078 0.0007412433624267578 0.0007445812225341797 0.0006632804870605469 0.0005669593811035156 0.0003476142883300781 0.00030493736267089844
pyBG app. bin=int_size/10
0.0022687911987304688 0.0015666484832763672 0.0009071826934814453 0.0014123916625976562 0.0009338855743408203 0.0009391307830810547 0.000827789306640625 0.0007703304290771484 0.0005614757537841797 0.00043272972106933594
pyBG app. bin=int_size/20
0.0034682750701904297 0.002499818801879883 0.0014183521270751953 0.0013380050659179688 0.0013628005981445312 0.001308441162109375 0.0012319087982177734 0.0010979175567626953 0.0009381771087646484 0.000789642333984375
