100000 200000 300000 400000 500000 600000 700000 800000 900000 1000000
pyBW exact
6.331765651702881 12.666947364807129 18.993176698684692 25.24443244934082 31.65197443962097 37.84905695915222 44.38129425048828 50.64319109916687 55.58351135253906 60.04652428627014
pyBW app.
6.327549934387207 12.692365407943726 19.013186931610107 25.507371187210083 31.66921329498291 37.95004153251648 44.51924180984497 50.78951859474182 57.09746193885803 60.43101167678833
pyBG exact
0.03554844856262207 0.06947898864746094 0.10412216186523438 0.1375889778137207 0.1697368621826172 0.20531177520751953 0.24089527130126953 0.27755212783813477 0.29738545417785645 0.32973146438598633
pyBG app. bin=100
0.006853342056274414 0.01317143440246582 0.019583702087402344 0.025755882263183594 0.03217720985412598 0.038712263107299805 0.04464364051818848 0.051389217376708984 0.05832314491271973 0.06419897079467773
pyBG app. bin=50
0.009019613265991211 0.016652345657348633 0.024847984313964844 0.03302431106567383 0.041390180587768555 0.049144744873046875 0.05776262283325195 0.06572484970092773 0.07430362701416016 0.0823373794555664
pyBG app. bin=25
0.013296842575073242 0.02416539192199707 0.036989450454711914 0.04808664321899414 0.06179547309875488 0.07421660423278809 0.08438372611999512 0.0968625545501709 0.10813570022583008 0.1198117733001709
