100 250 500 750 1000 2000 3000 4000 5000
pyBW exact
1.9813964366912842 1.942075252532959 2.4152474403381348 2.5540108680725098 2.0965874195098877 2.6166577339172363 1.9067223072052002 2.2427096366882324 2.2720541954040527
pyBG exact
0.0067806243896484375 0.006822109222412109 0.01378631591796875 0.008754730224609375 0.007817983627319336 0.009007453918457031 0.009320259094238281 0.009707927703857422 0.010100126266479492
pyBW app.
1.8783679008483887 1.997908592224121 3.2374491691589355 3.523993730545044 2.5125584602355957 2.065262794494629 1.9931302070617676 1.9091417789459229 1.979278326034546
pyBG app. bin=int_size/5
0.001253366470336914 0.0013043880462646484 0.0012989044189453125 0.0013244152069091797 0.00128173828125 0.0011856555938720703 0.0011241436004638672 0.0010657310485839844 0.0009992122650146484
pyBG app. bin=int_size/10
0.0014677047729492188 0.0014033317565917969 0.0014865398406982422 0.0015480518341064453 0.0016696453094482422 0.0014255046844482422 0.0013346672058105469 0.0012888908386230469 0.001280069351196289
pyBG app. bin=int_size/20
0.0037469863891601562 0.0017952919006347656 0.001894235610961914 0.0018208026885986328 0.0017156600952148438 0.0018787384033203125 0.0017364025115966797 0.001678466796875 0.0016248226165771484
