100000 200000 300000 400000 500000 600000 700000 800000 900000 1000000
pyBW exact
19.05256462097168 33.09868049621582 52.185669898986816 69.23033833503723 90.5621030330658 103.04808139801025 118.79857087135315 160.66217184066772 191.39047265052795 227.06593585014343
pyBG exact
0.053551673889160156 0.10372042655944824 0.20786285400390625 0.22046279907226562 0.35004115104675293 0.32381343841552734 0.35218143463134766 0.8869340419769287 1.0039222240447998 0.931058406829834
pyBW app.
20.304131031036377 37.293089389801025 55.774425745010376 75.60859799385071 95.32740306854248 114.46595239639282 132.3446502685547 167.24434399604797 250.211106300354 291.27741956710815
pyBG app. bin=100
0.011082887649536133 0.015972137451171875 0.023755311965942383 0.03204488754272461 0.04075026512145996 0.04834151268005371 0.056894779205322266 0.06414103507995605 0.0735468864440918 0.08020472526550293
pyBG app. bin=50
0.013501167297363281 0.024929285049438477 0.0378110408782959 0.049932241439819336 0.0628056526184082 0.07549595832824707 0.08938145637512207 0.1059417724609375 0.11398863792419434 0.12564802169799805
pyBG app. bin=25
0.01645684242248535 0.03182411193847656 0.04807615280151367 0.06321072578430176 0.07934880256652832 0.0951690673828125 0.11120271682739258 0.12682247161865234 0.1427614688873291 0.16175103187561035
