100 250 500 750 1000 2000 3000 4000 5000
pyBW app.
percent_error 0.0 0.0 0.0 0.0 0.1255898975443818 0.05363061716101005 0.03516239397782826 0.09114127662993389 0.0872880761094697 
ms_error 0.0 0.0 0.0 0.0 0.009614450397700878 0.002489896757230671 0.001189051425561025 0.006303718794535448 0.004427075879693718 
abs_error 0.0 0.0 0.0 0.0 0.051019112880215656 0.02566465470799298 0.0172076873705434 0.04068223963535588 0.034312059961004726 
num_actual_0 0 0 0 0 115 65 41 110 73 
pyBG app. bin=int_size/5
percent_error 0.027601375743358556 0.047457286295032236 0.049110876604685334 0.05459797238249437 0.0535258976763178 0.04379372719037041 0.04154639249179135 0.04293078485805032 0.05536785266574114 
ms_error 0.0001095372142161716 0.000280817902642892 0.0006159499664418254 0.0011466739867647664 0.0012396673032702352 0.0015004678126523646 0.001373812270184863 0.0016803008567275025 0.0013561265233874482 
abs_error 0.005189892998183178 0.009726129956046539 0.014761833659078929 0.01845051603479506 0.019979550744879754 0.021119632216556154 0.020195000187414013 0.019869032957163055 0.018633494366802682 
num_actual_0 204 168 101 64 64 47 54 45 58 
pyBG app. bin=int_size/10
percent_error 0.00793728130564909 0.015828568134783956 0.0176600411099517 0.019287141982449966 0.019992331112646117 0.021770365915873252 0.02263765073287835 0.023072913579158034 0.027931372131068964 
ms_error 1.4003339739675486e-05 3.496792900038669e-05 7.714207025811596e-05 0.00012992536987522943 0.0001437092319704223 0.0003711869508732458 0.00038286194456503087 0.000492815775951327 0.00038618804826893267 
abs_error 0.0015157174218241468 0.0031150677602237303 0.0049211605103086885 0.006347578452806752 0.007437524776471541 0.010203431913942509 0.01068483974854179 0.010667800707414944 0.010312640751472658 
num_actual_0 100 90 56 34 35 33 29 24 24 
pyBG app. bin=int_size/20
percent_error 0.0023795153150226334 0.0043935506926139675 0.006809937525718023 0.005887736489098954 0.006642728765818754 0.007965568147632896 0.009999133943999988 0.011327545640533055 0.014440122774235236 
ms_error 1.7799929219135896e-06 3.8742372872756495e-06 8.994279071800153e-06 1.508448454013177e-05 1.8285570572099406e-05 3.83652003982092e-05 6.776743905444745e-05 8.827324730997136e-05 8.268088559438991e-05 
abs_error 0.00039960965562304456 0.0008652198769200684 0.0015462909547369894 0.0020888120644183806 0.002490219640070074 0.003765064611555494 0.004686950850304096 0.005085920911696696 0.005267040488151216 
num_actual_0 49 35 25 16 19 13 18 15 13 
