100 250 500 750 1000 2500 5000 10000 50000 100000
pyBW exact
0.5517692565917969 0.5568385124206543 0.564441442489624 0.572404146194458 0.5800869464874268 0.6198310852050781 0.6794459819793701 0.797675371170044 1.6739256381988525 2.781475067138672
pyBW app.
0.5519301891326904 0.5579919815063477 0.5680813789367676 0.5731978416442871 1.0983328819274902 1.1047749519348145 1.1629447937011719 1.1658737659454346 1.1039185523986816 1.1227574348449707
pyBG exact
0.0015306472778320312 0.0019271373748779297 0.002244234085083008 0.0024690628051757812 0.0026667118072509766 0.003747224807739258 0.005416154861450195 0.008528947830200195 0.03310894966125488 0.0639944076538086
pyBG app. bin=int_size/5
0.0006859302520751953 0.0006661415100097656 0.0006136894226074219 0.0006060600280761719 0.0005936622619628906 0.0005214214324951172 0.0004432201385498047 0.00038361549377441406 0.00028777122497558594 0.0002753734588623047
pyBG app. bin=int_size/10
0.001131296157836914 0.0009768009185791016 0.000995635986328125 0.0009083747863769531 0.0008909702301025391 0.0007948875427246094 0.0006830692291259766 0.0005524158477783203 0.0003764629364013672 0.0003330707550048828
pyBG app. bin=int_size/20
0.0014736652374267578 0.0013289451599121094 0.0010988712310791016 0.0012493133544921875 0.0011775493621826172 0.0010251998901367188 0.0009479522705078125 0.0008332729339599609 0.0005228519439697266 0.0004646778106689453
