100 250 500 750 1000 2500 5000 10000 50000 100000
pyBW app.
percent_error 0.0 0.0 0.0 0.0 0.11725755989202973 0.04171579522353995 0.11254753988357953 0.033133494203226276 0.02178568897871641 0.02850673541759176 
ms_error 0.0 0.0 0.0 0.0 0.005943198756672125 0.0011082405272529571 0.004177559828897754 0.000920748250461666 0.000321240444159507 0.0003087510859992536 
abs_error 0.0 0.0 0.0 0.0 0.030338007845134313 0.01237182157537441 0.0254795768061305 0.01236026100623329 0.009075220349618038 0.011339007714201722 
not_included 0 0 0 0 112 47 77 4 1 0 
pyBG app. bin=int_size/5
percent_error 0.03117655792125347 0.050128183579464976 0.05921679265653377 0.055609296968299554 0.055930349731058426 0.0517974527344713 0.05382995312417328 0.03917071989339298 0.03570732763986816 0.023265643761093125 
ms_error 0.00014091343029934132 0.00046141044004477036 0.0008097269279183386 0.0012385243083186308 0.0012970651272798176 0.0017415058847620618 0.0017178411081956026 0.0013026553973304995 0.00047095112478294813 0.00022367580945167106 
abs_error 0.004747740427870118 0.008830923075629316 0.012981623126041841 0.01491010638315866 0.0145776950261599 0.015164160291962372 0.015571999893623166 0.014674069377938513 0.01180426246722175 0.009253874611421792 
not_included 216 144 70 64 61 54 63 6 1 1 
pyBG app. bin=int_size/10
percent_error 0.009082823701484902 0.017551194138370047 0.022348187549662935 0.024673882204207062 0.02716182555692419 0.02726719045721633 0.02738657071995633 0.019735295677302686 0.023312791275035244 0.014472560735192846 
ms_error 1.3863527353961017e-05 4.7854709504867225e-05 0.00010782961853349826 0.00015491207908420525 0.00020844714365811771 0.0004407534083558555 0.0004067631990033549 0.0003600513707596782 0.00023056634874559157 0.00011590710647289754 
abs_error 0.001365085214865766 0.0027703186378334613 0.004524191910356104 0.005797280845708805 0.006584206034048162 0.007818951760136182 0.00753910552308402 0.007400345286703555 0.007085531376926164 0.005949802557946887 
not_included 106 71 35 36 29 25 33 2 1 0 
pyBG app. bin=int_size/20
percent_error 0.0022877594846115058 0.00494438934029189 0.008144590369197154 0.009121379453086526 0.010228506841164673 0.01323046572037671 0.01526074813530152 0.010128779189046432 0.009812726733766703 0.008544097673386389 
ms_error 2.1674413823394537e-06 3.996525191915318e-06 1.025474341980921e-05 1.5882590231607758e-05 2.5551637486763145e-05 6.297366645505309e-05 0.00010411626418138737 9.505553641855842e-05 8.188917801286922e-05 5.649798276193591e-05 
abs_error 0.0003691451484855252 0.0007578917939628483 0.001406485141500622 0.0019005361328664357 0.0022832604349684493 0.0035529647154018866 0.0039568424008244694 0.003697495834949022 0.003762344065255492 0.0035880227691353623 
not_included 59 30 20 20 14 11 16 1 0 0 
