100000 200000 300000 400000 500000 600000 700000 800000 900000 1000000
pyBW exact
5.643458604812622 11.29401159286499 16.95624876022339 22.607280731201172 28.245243072509766 33.91766905784607 39.61108994483948 45.18865180015564 50.912383794784546 56.481964111328125
pyBW app.
5.656538963317871 11.294918537139893 16.943374156951904 22.60336399078369 28.266626596450806 33.928849935531616 39.65944480895996 45.225255727767944 50.94544196128845 56.51733422279358
pyBG exact
0.02077174186706543 0.04171395301818848 0.06259655952453613 0.0831596851348877 0.10331082344055176 0.12322473526000977 0.14418864250183105 0.16523385047912598 0.185089111328125 0.2056741714477539
pyBG app. bin=100
0.005803346633911133 0.011366844177246094 0.017026662826538086 0.022515058517456055 0.028101444244384766 0.033983469009399414 0.03982853889465332 0.044881582260131836 0.050559282302856445 0.05621480941772461
pyBG app. bin=50
0.009369850158691406 0.018709659576416016 0.02788996696472168 0.037183284759521484 0.046337127685546875 0.05565929412841797 0.06580257415771484 0.07413363456726074 0.08357763290405273 0.09276127815246582
pyBG app. bin=25
0.012357950210571289 0.023633956909179688 0.035307884216308594 0.04702425003051758 0.058678627014160156 0.0705418586730957 0.08626151084899902 0.09365296363830566 0.1054232120513916 0.1171565055847168
