100 250 500 750 1000 2500 5000 10000 50000 100000
pyBW exact
0.5793001651763916 0.586292028427124 0.5919339656829834 0.5985889434814453 0.5969841480255127 0.6232478618621826 0.6635510921478271 0.7313132286071777 1.2605295181274414 1.9317727088928223
pyBW app.
0.5803477764129639 0.5846207141876221 0.5923473834991455 0.5919206142425537 0.5999078750610352 1.5938646793365479 1.6598598957061768 1.6580326557159424 1.5807538032531738 1.5008149147033691
pyBG exact
0.0015985965728759766 0.0022122859954833984 0.002780914306640625 0.0030536651611328125 0.0035202503204345703 0.005862712860107422 0.008322000503540039 0.015491485595703125 0.05742168426513672 0.11007404327392578
pyBG app. bin=int_size/5
0.0008058547973632812 0.0008504390716552734 0.000774383544921875 0.0007188320159912109 0.0007231235504150391 0.0006549358367919922 0.0005855560302734375 0.0004398822784423828 0.00033402442932128906 0.0002989768981933594
pyBG app. bin=int_size/10
0.002101421356201172 0.0011377334594726562 0.0011332035064697266 0.0011706352233886719 0.0011470317840576172 0.0010156631469726562 0.0009284019470214844 0.0007481575012207031 0.0004863739013671875 0.0004684925079345703
pyBG app. bin=int_size/20
0.002298593521118164 0.0021152496337890625 0.0013594627380371094 0.00177764892578125 0.001708984375 0.001386880874633789 0.0016286373138427734 0.0009765625 0.0005941390991210938 0.0005137920379638672
