100 250 500 750 1000 2500 5000 10000 50000 100000
pyBW app.
percent_error 0.0 0.0 0.0 0.0 0.0 0.015697208848792093 0.04264884074241573 0.019948468942159528 0.01694590660995862 0.030395093921487124 
ms_error 0.0 0.0 0.0 0.0 0.0 0.3217658500037137 1.093223984258497 0.3404919792907212 155.9694374675224 157.24474357301412 
abs_error 0.0 0.0 0.0 0.0 0.0 0.10912749463891402 0.3100588581350191 0.1484293839026088 0.2515124847188584 0.3522455270852125 
not_included 0 0 0 0 0 3 2 1 1 0 
pyBG app. bin=int_size/5
percent_error 0.0019801568774155693 0.0039501597863485505 0.006679693666318509 0.00787405908071367 0.00935917085938061 0.014620930803084452 0.018320636216768015 0.02000525457744307 0.02065899937987316 0.020888346695240215 
ms_error 0.002456970137242301 0.00524410789211806 0.021393462113377372 0.048000986206816615 0.03714756020786396 0.10453614656761631 0.20606448765943247 0.32360593157059775 140.26788466168452 141.67020997937632 
abs_error 0.012412278884050464 0.02342122274013289 0.04211214985193665 0.05120851789971382 0.05584660046275743 0.09737017269472542 0.12845479215988778 0.1488671247483328 0.2761534790069505 0.28682709894195374 
not_included 13 22 28 27 14 8 4 5 14 13 
pyBG app. bin=int_size/10
percent_error 0.0005454838270209497 0.0012119710662162153 0.0021567705832932966 0.0025657259083717463 0.0031193986648468553 0.005144621159646009 0.007242290388911195 0.009222377735157232 0.010956062519404931 0.011440915697180764 
ms_error 0.000769644300733299 0.0018647855810612905 0.003120766870659611 0.005011797655434019 0.002883837773295822 0.036412734498863945 0.030183293468645876 0.07551437249445454 43.234113199860786 140.07998037564735 
abs_error 0.003941263754922818 0.008086523895258636 0.014242995448523456 0.01687401144552132 0.01840261982731697 0.0344399843961103 0.04895019750848215 0.06652143561284489 0.14837238643342723 0.2015948276271215 
not_included 7 12 16 14 8 5 2 4 7 5 
pyBG app. bin=int_size/20
percent_error 0.0001292192333085431 0.0003419116189691966 0.0006395234465993917 0.0008293559288464782 0.0010070398868687195 0.0017540567324490638 0.0025964489699436327 0.003586692497429541 0.0054959472604836045 0.006191781402853862 
ms_error 0.0003088016236014089 0.0007265908473807362 0.0012615347592024597 0.0017836547382202317 0.0011800402003308479 0.023135005218286885 0.005637035257566049 0.011749112871455605 18.059368541665783 43.256728929993834 
abs_error 0.0011869324371611306 0.002612785064936345 0.004706722319023553 0.006014586954441139 0.006423363952008178 0.012384776004854808 0.0170731057249086 0.024552961028471383 0.08383875385413887 0.11243438543108485 
not_included 3 7 8 9 7 3 1 1 5 1 
