100000 200000 300000 400000 500000 600000 700000 800000 900000 1000000
pyBW exact
6.279058933258057 12.062033653259277 18.147300004959106 24.306592226028442 30.208177089691162 34.85798478126526 42.39837336540222 47.44673156738281 53.78402376174927 59.07096481323242
pyBW app.
6.056436777114868 12.123692512512207 18.174171209335327 24.12892508506775 30.316993951797485 35.34707689285278 40.71613168716431 48.48203706741333 53.18345236778259 59.71691131591797
pyBG exact
0.02601170539855957 0.05218005180358887 0.08306455612182617 0.10362362861633301 0.13940930366516113 0.1540677547454834 0.19342875480651855 0.20923161506652832 0.24289655685424805 0.26642465591430664
pyBG app. bin=100
0.006929159164428711 0.013463497161865234 0.02025127410888672 0.029172658920288086 0.03472447395324707 0.04001617431640625 0.0479891300201416 0.05391120910644531 0.0607759952545166 0.06890439987182617
pyBG app. bin=50
0.010583162307739258 0.02144145965576172 0.03144407272338867 0.041686296463012695 0.05287981033325195 0.06231069564819336 0.07282471656799316 0.08284187316894531 0.0940093994140625 0.10173296928405762
pyBG app. bin=25
0.012566566467285156 0.02597784996032715 0.0381011962890625 0.050798654556274414 0.06317543983459473 0.07634377479553223 0.09346556663513184 0.10283374786376953 0.1124577522277832 0.1261427402496338
