100 250 500 750 1000 2000 3000 4000 5000
pyBW exact
0.5164623260498047 0.5204677581787109 0.5268447399139404 0.5331261157989502 0.5433821678161621 0.5653114318847656 0.5892994403839111 0.6108982563018799 0.6337237358093262
pyBW app.
0.515418529510498 0.5215578079223633 0.5280747413635254 0.5356428623199463 1.0415570735931396 1.0444393157958984 1.052884817123413 1.1022777557373047 1.1040253639221191
pyBG exact
0.0019681453704833984 0.002560138702392578 0.002791881561279297 0.003019571304321289 0.0032465457916259766 0.00394129753112793 0.004601001739501953 0.005252838134765625 0.0058858394622802734
pyBG app. bin=int_size/5
0.0012290477752685547 0.0011005401611328125 0.0010485649108886719 0.0009684562683105469 0.0010466575622558594 0.000827789306640625 0.0007975101470947266 0.0007512569427490234 0.0006866455078125
pyBG app. bin=int_size/10
0.0014774799346923828 0.0013086795806884766 0.00122833251953125 0.0012102127075195312 0.0011610984802246094 0.0010592937469482422 0.0010080337524414062 0.00091552734375 0.00086212158203125
pyBG app. bin=int_size/20
0.0018584728240966797 0.0016658306121826172 0.001588582992553711 0.0014545917510986328 0.0014154911041259766 0.0013763904571533203 0.0013077259063720703 0.001252889633178711 0.0011878013610839844
