100000 200000 300000 400000 500000 600000 700000 800000 900000 1000000
pyBW exact
5.242838144302368 10.481489658355713 15.726719379425049 20.95887589454651 26.190995931625366 31.436304569244385 36.6186728477478 41.803746700286865 47.08630108833313 52.30722379684448
pyBW app.
7.756523847579956 10.499606847763062 15.744327783584595 20.96443510055542 26.217120885849 31.45544147491455 36.698444843292236 41.80828809738159 47.10597634315491 52.326035022735596
pyBG exact
0.027201175689697266 0.05348777770996094 0.07884573936462402 0.10374045372009277 0.12896728515625 0.15563654899597168 0.17684292793273926 0.20189714431762695 0.22810721397399902 0.25127625465393066
pyBG app. bin=100
0.009063959121704102 0.018269062042236328 0.027796268463134766 0.03651714324951172 0.046035051345825195 0.053928375244140625 0.06332635879516602 0.07189273834228516 0.08064818382263184 0.08952450752258301
pyBG app. bin=50
0.011410713195800781 0.022313833236694336 0.03429150581359863 0.046201229095458984 0.05634641647338867 0.06826305389404297 0.07881498336791992 0.0910787582397461 0.10011601448059082 0.11110711097717285
pyBG app. bin=25
0.014336824417114258 0.02811288833618164 0.04140973091125488 0.05629849433898926 0.06952929496765137 0.08417057991027832 0.09598970413208008 0.11089348793029785 0.12305283546447754 0.13608241081237793
