100 250 500 750 1000 2000 3000 4000 5000
pyBW exact
0.5537521839141846 0.5588014125823975 0.5670516490936279 0.57535719871521 0.5806128978729248 0.6039354801177979 0.6255199909210205 0.647575855255127 0.6701765060424805
pyBW app.
0.5558023452758789 0.56363844871521 0.5685920715332031 0.5774519443511963 1.0621647834777832 1.0625951290130615 1.0682373046875 1.1171166896820068 1.1180496215820312
pyBG exact
0.0021071434020996094 0.002489328384399414 0.002864837646484375 0.0031003952026367188 0.0032668113708496094 0.003949165344238281 0.004583120346069336 0.005275726318359375 0.005792140960693359
pyBG app. bin=int_size/5
0.0011866092681884766 0.0010983943939208984 0.001020193099975586 0.0009648799896240234 0.0009367465972900391 0.0008230209350585938 0.0007736682891845703 0.0007195472717285156 0.0006873607635498047
pyBG app. bin=int_size/10
0.0014948844909667969 0.001287698745727539 0.0012118816375732422 0.001172780990600586 0.0012083053588867188 0.0010776519775390625 0.0009868144989013672 0.0010058879852294922 0.0008804798126220703
pyBG app. bin=int_size/20
0.001903533935546875 0.0016629695892333984 0.0014965534210205078 0.0014612674713134766 0.0014202594757080078 0.0013446807861328125 0.0013070106506347656 0.0012392997741699219 0.0012135505676269531
