100000 200000 300000 400000 500000 600000 700000 800000 900000 1000000
pyBW exact
5.636310338973999 11.307862520217896 16.94970202445984 22.523202657699585 28.04508066177368 33.696651220321655 39.316919565200806 44.98015332221985 50.55557179450989 56.144643783569336
pyBW app.
9.141193628311157 11.342131853103638 16.987283945083618 22.606746435165405 28.128167390823364 33.763625144958496 39.44428586959839 45.076003074645996 50.74699878692627 56.29443550109863
pyBG exact
0.0280914306640625 0.054245948791503906 0.08074617385864258 0.10394692420959473 0.12881207466125488 0.15425586700439453 0.17918634414672852 0.2037200927734375 0.22972416877746582 0.25349926948547363
pyBG app. bin=100
0.008862972259521484 0.01863384246826172 0.026485919952392578 0.03691363334655762 0.04536914825439453 0.05462908744812012 0.06348252296447754 0.07205820083618164 0.08104491233825684 0.08891439437866211
pyBG app. bin=50
0.011245489120483398 0.023137569427490234 0.033944129943847656 0.04545783996582031 0.05682992935180664 0.06844258308410645 0.07854390144348145 0.08775949478149414 0.09969902038574219 0.11042428016662598
pyBG app. bin=25
0.014292478561401367 0.027959585189819336 0.04202723503112793 0.05577206611633301 0.06944513320922852 0.0840303897857666 0.09644484519958496 0.11030745506286621 0.1225590705871582 0.1359720230102539
