100 250 500 750 1000 2000 3000 4000 5000
pyBW exact
1.1760172843933105 1.1742939949035645 1.177239179611206 1.180619716644287 1.183706521987915 1.1961607933044434 1.2055118083953857 1.2132914066314697 1.2224276065826416
pyBW app.
1.172050952911377 1.1753554344177246 1.178415060043335 1.1811802387237549 1.1839685440063477 1.0383479595184326 1.0394926071166992 1.0412583351135254 1.0429601669311523
pyBG exact
0.0013539791107177734 0.0020482540130615234 0.0023741722106933594 0.0024728775024414062 0.0026273727416992188 0.0029735565185546875 0.0032622814178466797 0.0035414695739746094 0.003813028335571289
pyBG app. bin=int_size/5
0.0012433528900146484 0.001087188720703125 0.001087188720703125 0.0009922981262207031 0.0010263919830322266 0.001001119613647461 0.0008177757263183594 0.0008389949798583984 0.0007302761077880859
pyBG app. bin=int_size/10
0.0015358924865722656 0.001356363296508789 0.0012373924255371094 0.0012030601501464844 0.001180410385131836 0.0010883808135986328 0.0014126300811767578 0.0009927749633789062 0.0009310245513916016
pyBG app. bin=int_size/20
0.0018856525421142578 0.001745462417602539 0.001577615737915039 0.0014750957489013672 0.0014309883117675781 0.0013725757598876953 0.0013649463653564453 0.0012943744659423828 0.001294851303100586
