100000 200000 300000 400000 500000 600000 700000 800000 900000 1000000
pyBW exact
11.757296800613403 23.487826347351074 35.213833808898926 46.92534017562866 58.65961766242981 70.36232829093933 82.03286027908325 93.76965570449829 105.45544052124023 117.18299269676208
pyBW app.
12.517224073410034 23.485045671463013 35.21711802482605 46.939773082733154 58.64679408073425 70.4024727344513 82.0419499874115 93.78708577156067 105.49841237068176 117.22831225395203
pyBG exact
0.022737741470336914 0.04455924034118652 0.06695389747619629 0.08822345733642578 0.10903215408325195 0.13030743598937988 0.1500248908996582 0.17122125625610352 0.19165730476379395 0.21219658851623535
pyBG app. bin=100
0.009146451950073242 0.01934671401977539 0.0293886661529541 0.038048744201660156 0.047948598861694336 0.05694079399108887 0.06586098670959473 0.07599616050720215 0.08271980285644531 0.09293913841247559
pyBG app. bin=50
0.011548280715942383 0.02319931983947754 0.03511929512023926 0.04593801498413086 0.05784106254577637 0.06921696662902832 0.08046865463256836 0.09116291999816895 0.10406017303466797 0.11359214782714844
pyBG app. bin=25
0.014470815658569336 0.02863764762878418 0.04235100746154785 0.05692458152770996 0.07034730911254883 0.08404994010925293 0.09698939323425293 0.11039090156555176 0.12383008003234863 0.13695359230041504
