100 250 500 750 1000 2500 5000 10000 50000 100000
pyBW exact
0.621178388595581 0.629422664642334 0.6409015655517578 0.649183988571167 0.6601123809814453 0.7136054039001465 0.7935240268707275 0.9478905200958252 2.181898593902588 3.7179453372955322
pyBW app.
0.6265232563018799 0.6337203979492188 0.6444339752197266 0.6542994976043701 1.1948492527008057 1.200338363647461 1.1942307949066162 1.2010784149169922 1.1136317253112793 1.1965644359588623
pyBG exact
0.0018210411071777344 0.002109527587890625 0.002427339553833008 0.0027081966400146484 0.0029675960540771484 0.004331827163696289 0.006433963775634766 0.01064157485961914 0.04351925849914551 0.08418679237365723
pyBG app. bin=int_size/5
0.0007131099700927734 0.0007047653198242188 0.0006706714630126953 0.0006535053253173828 0.0006389617919921875 0.0005755424499511719 0.0004968643188476562 0.00041294097900390625 0.00029850006103515625 0.0002818107604980469
pyBG app. bin=int_size/10
0.0011713504791259766 0.0010466575622558594 0.001073598861694336 0.0010399818420410156 0.0010094642639160156 0.0009129047393798828 0.0007717609405517578 0.0006313323974609375 0.00039768218994140625 0.0003535747528076172
pyBG app. bin=int_size/20
0.0015544891357421875 0.0013680458068847656 0.0012197494506835938 0.0013425350189208984 0.0011866092681884766 0.00116729736328125 0.0010595321655273438 0.0009000301361083984 0.0005548000335693359 0.0004868507385253906
