100 250 500 750 1000 2500 5000 10000 50000 100000
pyBW app.
percent_error 0.0 0.0 0.0 0.0 0.08849539901366348 0.03153557589087506 0.06095999269305058 0.028903324368945892 0.020293840753552044 0.032570474246435874 
ms_error 0.0 0.0 0.0 0.0 0.04867210273508313 0.009648366746895539 0.02170359885219619 0.004382667370872492 0.0009021960323155298 0.0012077652435774158 
abs_error 0.0 0.0 0.0 0.0 0.05696647387345282 0.022751188983769252 0.042824942370764556 0.02104232343548553 0.013076801332256636 0.01842730596915016 
not_included 0 0 0 0 59 18 39 9 4 8 
pyBG app. bin=int_size/5
percent_error 0.02224377262647974 0.04208725693252107 0.03764174941967944 0.04331516159534168 0.039496912859914086 0.03858529203476179 0.040045482073538995 0.03342931745555644 0.029729770310089852 0.025085334937900376 
ms_error 0.0005450836992099446 0.0013926110505878783 0.0032524453576201397 0.006709404706956826 0.0100557618352661 0.012226595715140872 0.010098845001575 0.006564317920055419 0.0016546573099073991 0.0008417002729390596 
abs_error 0.0060443909212086365 0.011084285842563626 0.016981198947361883 0.021881974756146946 0.02452308546258935 0.027421159657757006 0.02793521942889804 0.024692785525659944 0.018610940756720082 0.014862158541987686 
not_included 112 79 48 27 33 23 28 13 12 9 
pyBG app. bin=int_size/10
percent_error 0.006901097024318212 0.013543811875509564 0.014276483079948252 0.014177288125603463 0.015155066074529495 0.018717969148515326 0.021789088774448764 0.01907960909780724 0.016288726939894114 0.014133747811049788 
ms_error 3.815845675679847e-05 0.00015921567787472254 0.0002738986641341244 0.0006584724413689071 0.001155020275959839 0.0033143157069587845 0.0036556333125257437 0.002955058412330344 0.0007497603342016653 0.00038116751595602114 
abs_error 0.00181925738175139 0.0035157482888098926 0.0055242498208901 0.007288072507743013 0.00851620510048252 0.013348434286852279 0.015044078980929174 0.01389743922737748 0.010958339138671239 0.009046256492456791 
not_included 62 42 23 10 19 17 14 6 3 4 
pyBG app. bin=int_size/20
percent_error 0.0019777368510170514 0.004427724080839108 0.0050639941097510004 0.004373592580314452 0.005681250243005454 0.00746776921599796 0.010036993768153984 0.009890599527092557 0.008969074056652543 0.007887174411572334 
ms_error 4.845804001328674e-06 7.113210629790129e-06 2.0222258652216528e-05 4.457742144217752e-05 6.413283966412351e-05 0.0004422705803084401 0.0009093799086421344 0.0007977846934695503 0.0003223424356937926 0.00018114224585800222 
abs_error 0.0005096525851055987 0.001002632784980534 0.0017173483286452886 0.002400857920477329 0.0027034861275754478 0.0051235594732978165 0.007007765945576099 0.007084331933491217 0.006114720272749652 0.005380939591246001 
not_included 25 18 14 7 6 8 9 3 1 0 
