100000 200000 300000 400000 500000 600000 700000 800000 900000 1000000
pyBW exact
6.382492542266846 12.774195432662964 19.159194231033325 25.542210578918457 31.929681062698364 38.31134510040283 44.7771098613739 51.0641405582428 57.5574517250061 63.8335702419281
pyBW app.
6.4273600578308105 12.8555588722229 19.281309843063354 25.691550254821777 32.13766646385193 38.56461191177368 45.06330060958862 51.38920879364014 57.917476177215576 64.24775004386902
pyBG exact
0.022150039672851562 0.04388284683227539 0.06567597389221191 0.08768200874328613 0.1085977554321289 0.1296989917755127 0.15191411972045898 0.17333269119262695 0.19467949867248535 0.21623969078063965
pyBG app. bin=100
0.005800485610961914 0.011546850204467773 0.01715707778930664 0.022859811782836914 0.028565645217895508 0.03505873680114746 0.040007591247558594 0.045845746994018555 0.05152153968811035 0.0572199821472168
pyBG app. bin=50
0.008874177932739258 0.0177309513092041 0.026432037353515625 0.03526186943054199 0.04399681091308594 0.05277657508850098 0.06178689002990723 0.07027006149291992 0.07932877540588379 0.08770012855529785
pyBG app. bin=25
0.010849475860595703 0.021704673767089844 0.03243517875671387 0.04323101043701172 0.05435800552368164 0.06496644020080566 0.07568860054016113 0.08729314804077148 0.09695243835449219 0.10792112350463867
