100 250 500 750 1000 2500 5000 10000 50000 100000
pyBW app.
percent_error 0.0 0.0 0.045836400858749266 0.020588526977732172 0.015629222523444418 0.04138075192229107 0.022918058463229248 0.08231109193001256 0.194458783284848 0.46250381658677736 
ms_error 0.0 0.0 0.007714929000034603 0.00464409251337083 0.0013634158858127428 0.004913576273398841 0.0019233409966171885 0.01168756764658051 0.018974432171546703 0.04852777271356959 
abs_error 0.0 0.0 0.005275067543383549 0.0044547193993008175 0.0027253377502779222 0.006513357695599457 0.003876239987002819 0.010883877779057709 0.015294598900305982 0.03696831577719978 
not_included 0 0 63 40 35 14 3 3 1 0 
pyBG app. bin=int_size/5
percent_error 0.01925071753185141 0.01607086937184217 0.02214876650886043 0.016956912049741663 0.03287857049601632 0.03978908828126665 0.07183334079513552 0.12151868988293178 0.21847476346439987 0.3332195292050038 
ms_error 0.00972129271362839 0.04931810070569224 0.002563608859348998 0.0022480171313041565 0.00942213062465637 0.015853318533897973 0.020808293155477397 0.019814165670664758 0.019847510673261796 0.02776638345189258 
abs_error 0.0018267165184048864 0.003504681584470157 0.0031717168716596717 0.0039025741745178266 0.006373836106921412 0.007893520102579757 0.011099828475347288 0.01289603817257796 0.019183717204499885 0.026464099549404728 
not_included 62 55 84 96 100 108 161 218 286 286 
pyBG app. bin=int_size/10
percent_error 0.01801692992833272 0.011715969208420255 0.00776517079230211 0.00642133758005877 0.015281047746227397 0.01513407482873902 0.01377846629211869 0.0592793444655647 0.13683457082467093 0.16815076613964566 
ms_error 0.009250644057615387 0.013886832729636176 0.0008381548083902895 0.00023811949907493588 0.0011583897060191035 0.008341291751516133 0.002428075459415167 0.00949183051856171 0.01364210096113863 0.014745414166599437 
abs_error 0.0013423758700024822 0.0017117948658659425 0.0012465255178898272 0.0012370931858959454 0.0018842294480912898 0.003954603198064891 0.004201619460833963 0.006983580168821166 0.011234093809395525 0.013999168904175935 
not_included 32 30 47 56 45 55 84 102 144 147 
pyBG app. bin=int_size/20
percent_error 0.006989108902420604 0.004787604882590514 0.003825917591672694 0.0023253403236576085 0.00403378652756502 0.00721388824399503 0.006480374675875496 0.01649217431449004 0.07903190591188741 0.11135919208219562 
ms_error 0.0017953985820975888 0.0007418005570606656 0.0002344582298053386 8.450534189663618e-05 0.00011493549110821151 0.007105683890424275 0.001951520339500397 0.0020269523002170845 0.006940823348114405 0.009618449989701499 
abs_error 0.0005000221902098969 0.00046296071937793694 0.0005384612458938684 0.0005226604877648312 0.0006056526898134912 0.0020086427261555607 0.002172874290060839 0.0022891670716466647 0.006240791699431457 0.008042427248141672 
not_included 13 14 28 33 25 25 32 35 71 72 
