100 250 500 750 1000 2500 5000 10000 50000 100000
pyBW exact
0.6268537044525146 0.6278090476989746 0.6296887397766113 0.6329269409179688 0.6342718601226807 0.6430292129516602 0.6554133892059326 0.6811361312866211 0.8759102821350098 1.1133439540863037
pyBW app.
0.6280555725097656 0.6293683052062988 1.3786118030548096 1.3768141269683838 1.3779077529907227 1.4124224185943604 1.41341233253479 1.4418690204620361 1.4520659446716309 1.4272305965423584
pyBG exact
0.0016429424285888672 0.002595186233520508 0.004108905792236328 0.005468130111694336 0.006813526153564453 0.014550209045410156 0.0264737606048584 0.047899723052978516 0.1788034439086914 0.293565034866333
pyBG app. bin=int_size/5
0.0034055709838867188 0.0005710124969482422 0.0009107589721679688 0.0005917549133300781 0.0005805492401123047 0.0005209445953369141 0.0004897117614746094 0.00046181678771972656 0.0003979206085205078 0.0004048347473144531
pyBG app. bin=int_size/10
0.004667520523071289 0.003092050552368164 0.0006251335144042969 0.0006492137908935547 0.0006461143493652344 0.0006306171417236328 0.0006072521209716797 0.0005848407745361328 0.0005247592926025391 0.0005238056182861328
pyBG app. bin=int_size/20
0.0058879852294921875 0.004643678665161133 0.001031637191772461 0.0010259151458740234 0.0009970664978027344 0.0010440349578857422 0.0009267330169677734 0.0008947849273681641 0.0007600784301757812 0.0007681846618652344
