100000 200000 300000 400000 500000 600000 700000 800000 900000 1000000
pyBW exact
6.306516885757446 12.601510763168335 18.890897035598755 25.168465614318848 31.43573307991028 37.72267174720764 44.108246088027954 50.37564277648926 56.76311540603638 62.97527027130127
pyBW app.
13.918392658233643 27.505555629730225 41.23606085777283 54.97918224334717 68.70012426376343 82.4586193561554 96.252277135849 109.98207807540894 123.83403396606445 137.5205569267273
pyBG exact
0.03953146934509277 0.07938551902770996 0.11873149871826172 0.15804386138916016 0.19751763343811035 0.23637914657592773 0.275407075881958 0.3146188259124756 0.3557741641998291 0.3941469192504883
pyBG app. bin=100
0.004811525344848633 0.009353160858154297 0.013852357864379883 0.018378257751464844 0.022963285446166992 0.027860641479492188 0.032184600830078125 0.03681659698486328 0.04121136665344238 0.045685768127441406
pyBG app. bin=50
0.005805015563964844 0.011665582656860352 0.017185688018798828 0.022919893264770508 0.028559207916259766 0.03429126739501953 0.04002785682678223 0.0456697940826416 0.051299333572387695 0.05713820457458496
pyBG app. bin=25
0.011980056762695312 0.015946626663208008 0.02382659912109375 0.030863046646118164 0.03842496871948242 0.04633140563964844 0.05389833450317383 0.061504364013671875 0.06947183609008789 0.07664656639099121
