100 250 500 750 1000 2000 3000 4000 5000
pyBW app.
percent_error 0.0 0.0 0.0580242558008088 0.02793715750108419 0.01683754568079875 0.0493824945811154 0.03328655937850404 0.02759039315770581 0.02148422691371298 
ms_error 0.0 0.0 0.004411003767886147 0.009417882651910717 0.000961468135195693 0.009408527410512336 0.0024620433221409868 0.0012992740603891657 0.0013142061548692802 
abs_error 0.0 0.0 0.014059053474400156 0.010724547686962826 0.007456185467224446 0.024579840434324467 0.01662404711336062 0.01222179568415372 0.00996968819490588 
num_actual_0 0 0 59 20 13 13 9 8 6 
pyBG app. bin=int_size/5
percent_error 0.0078765699349662 0.021133036275715764 0.022811349166467418 0.025224079909416386 0.022941086843935025 0.027556492134964004 0.029061203910618515 0.03360915395205811 0.027056929618975843 
ms_error 2.0040427945708802e-05 0.00010410866967635938 0.00047740018090595184 0.0018674263645823495 0.003128705986359828 0.002944187830260517 0.0017198567681252549 0.0031902555556183776 0.0025450812990799074 
abs_error 0.00197982440345779 0.004019784388210742 0.006088620542598235 0.008660888214187406 0.010342311853735343 0.013975559691417061 0.013990316828375905 0.014993808132134407 0.014766486786087947 
num_actual_0 72 75 46 16 22 13 13 8 11 
pyBG app. bin=int_size/10
percent_error 0.002566705558734164 0.007088726165422016 0.00794719557141886 0.006935851780798107 0.007525902547476368 0.009912260014313582 0.012147162318196424 0.015300570041010679 0.014145982644388863 
ms_error 2.7338332244554617e-06 8.349392773166722e-06 0.00011093179686496923 0.0001817150559482947 8.865638895455383e-05 0.0010514331089316363 0.000635690771917858 0.0006958855160508076 0.0008067052962786861 
abs_error 0.0006254100293168261 0.001191754646079301 0.001976614022419194 0.002623514641929598 0.003126114131363581 0.005119193529946408 0.006290880347683074 0.006978454460304158 0.007365960841559935 
num_actual_0 34 42 26 10 9 8 7 6 3 
pyBG app. bin=int_size/20
percent_error 0.0005094620969638302 0.0018585280386991044 0.002496246375302355 0.0022615577577444037 0.002346419743690657 0.003146250096590735 0.00403962063458038 0.005194466423003864 0.005897381872118649 
ms_error 2.7178696511969505e-07 5.465593610207043e-07 9.46972308011489e-06 9.050094057217093e-05 1.0290820546738464e-05 2.121886335042577e-05 6.767485294704774e-05 0.00010199886144741997 0.00017769353061241344 
abs_error 0.0001822188249563875 0.00034615958346379764 0.0006244564313107271 0.0008865683666615629 0.0009965024882853195 0.001518043911524607 0.0020589119074384435 0.002407053931125461 0.0029302877121641147 
num_actual_0 14 18 14 3 2 2 3 3 0 
