100 250 500 750 1000 2500 5000 10000 50000 100000
pyBW exact
0.5891318321228027 0.5955691337585449 0.6055319309234619 0.6131000518798828 0.6195192337036133 0.6545088291168213 0.715752363204956 0.8309273719787598 1.708737850189209 2.794039011001587
pyBW app.
0.5909590721130371 0.5981779098510742 0.6076478958129883 0.6137745380401611 1.1007452011108398 1.1067218780517578 1.1701433658599854 1.1763293743133545 1.0987827777862549 1.115283727645874
pyBG exact
0.0016477108001708984 0.0019383430480957031 0.002256155014038086 0.0024607181549072266 0.0026695728302001953 0.0037384033203125 0.005326747894287109 0.00833582878112793 0.03232908248901367 0.06220078468322754
pyBG app. bin=int_size/5
0.0006554126739501953 0.0006601810455322266 0.0006108283996582031 0.0006041526794433594 0.0005888938903808594 0.0005278587341308594 0.00045871734619140625 0.00038552284240722656 0.00028634071350097656 0.0002779960632324219
pyBG app. bin=int_size/10
0.0011401176452636719 0.0010867118835449219 0.0009996891021728516 0.0009100437164306641 0.0008945465087890625 0.0008029937744140625 0.0006883144378662109 0.0005652904510498047 0.0003757476806640625 0.0003364086151123047
pyBG app. bin=int_size/20
0.0014584064483642578 0.0013260841369628906 0.0011065006256103516 0.0012640953063964844 0.0012183189392089844 0.0010862350463867188 0.0009372234344482422 0.0007798671722412109 0.0005240440368652344 0.0004673004150390625
