100 250 500 750 1000 2500 5000 10000 50000 100000
pyBW app.
percent_error 0.0 0.0 0.0 0.0 0.1125229884759832 0.044201985043171306 0.06567272540694802 0.026264735558180135 0.014455642181312393 0.019466181956096822 
ms_error 0.0 0.0 0.0 0.0 0.004139630921344646 0.0006492481919400175 0.001222419386871348 0.00028000219851051706 8.90155235476985e-05 0.00016869849267099046 
abs_error 0.0 0.0 0.0 0.0 0.04427791201699049 0.0174427548792922 0.023540340949669364 0.011740321219321006 0.006563553602060781 0.009506715527846874 
not_included 0 0 0 0 124 42 79 4 1 1 
pyBG app. bin=int_size/5
percent_error 0.029140354619845935 0.048393750144115615 0.05871362918306305 0.06616443435287751 0.05427478411911717 0.04894871599208159 0.05384432987065634 0.02873445495822131 0.018487230585116105 0.014653375924708962 
ms_error 0.00016460040713509201 0.00035185068424136166 0.0007750127120156334 0.001033172276355407 0.0011497038656373435 0.0008288653517317929 0.0005400613908086543 0.0003363701439685384 0.0001594680052507803 0.00011223236019751281 
abs_error 0.006454795175059884 0.011333514999390485 0.017845196439141245 0.020627444624699804 0.021278984690056388 0.018813575704555743 0.01555050304356163 0.012659309381565637 0.008520862631092982 0.0072112413787269805 
not_included 226 171 107 84 60 43 51 5 2 0 
pyBG app. bin=int_size/10
percent_error 0.008976422181180388 0.01604099520917095 0.018804634264387488 0.02619677701135683 0.02322877105606885 0.027684095853786398 0.03200575486648715 0.01713833858877174 0.010782348579548384 0.008676606454188053 
ms_error 1.9116160765186263e-05 4.547939535380485e-05 9.298792434556413e-05 0.00014600982332310753 0.0002093750437089441 0.0002698304558784141 0.00021588191029410636 0.00013031141789185147 5.524464340463405e-05 4.127758271065514e-05 
abs_error 0.0018675238106384885 0.0036721918927091366 0.005864734609741151 0.007596729175710041 0.009093587989346624 0.010752491671677007 0.009425150895939016 0.007768892456462261 0.004972662068164298 0.004274187748799283 
not_included 115 82 59 44 32 20 26 2 1 0 
pyBG app. bin=int_size/20
percent_error 0.0023036979456843177 0.0042816817640390446 0.006038414260397681 0.006895232240195142 0.007613832548181174 0.012757378753187507 0.013058083104934738 0.010461889386509677 0.006116330206452623 0.0050276763705203635 
ms_error 2.490575909140058e-06 5.049208963253013e-06 1.1413319726077838e-05 1.619029168585363e-05 2.5131598114780625e-05 5.705318268286317e-05 6.924628583326268e-05 4.919048344162967e-05 2.1376043758058774e-05 1.489777055184552e-05 
abs_error 0.0005060627570062879 0.0010469071943109236 0.001851546636608958 0.002444475725125836 0.0029766479400000563 0.004900753469740893 0.0054098225481153716 0.004779816930010334 0.002983977456939145 0.00252742904282397 
not_included 56 38 31 23 16 9 12 1 0 0 
