100000 200000 300000 400000 500000 600000 700000 800000 900000 1000000
pyBW exact
6.026463508605957 12.065016746520996 18.090603590011597 24.148500204086304 30.14112162590027 36.15951490402222 42.26651740074158 48.29691815376282 54.33645009994507 60.297382831573486
pyBW app.
6.049558877944946 12.079203605651855 18.12564969062805 24.182039499282837 30.198872804641724 36.27035212516785 42.34398603439331 48.354437589645386 54.51335835456848 60.40108275413513
pyBG exact
0.020879745483398438 0.04171013832092285 0.0626840591430664 0.08328866958618164 0.1035008430480957 0.12376785278320312 0.14510607719421387 0.16556334495544434 0.1855168342590332 0.2063002586364746
pyBG app. bin=100
0.0058100223541259766 0.011255979537963867 0.01680779457092285 0.02234816551208496 0.028067588806152344 0.03388571739196777 0.03965902328491211 0.04471540451049805 0.05025005340576172 0.05578494071960449
pyBG app. bin=50
0.009356021881103516 0.018652677536010742 0.02782297134399414 0.03702282905578613 0.046268463134765625 0.05547523498535156 0.06470608711242676 0.07386374473571777 0.0834660530090332 0.09229207038879395
pyBG app. bin=25
0.011754274368286133 0.02339005470275879 0.035048484802246094 0.04671287536621094 0.05831456184387207 0.07061433792114258 0.0816795825958252 0.09336352348327637 0.1048884391784668 0.11791014671325684
