100 250 500 750 1000 2000 3000 4000 5000
pyBW app.
percent_error 0.0 0.0 0.0 0.0 0.0 0.1391071775352472 0.07981196340534215 0.06797031059304406 0.04960462943095707 
ms_error 0.0 0.0 0.0 0.0 0.0 0.1804914039392055 0.06931333213566554 0.04089785858710227 0.019665926890003824 
abs_error 0.0 0.0 0.0 0.0 0.0 0.07292616551824256 0.047922384731990626 0.03638302827021221 0.02690543210873884 
num_actual_0 0 0 0 0 0 73 42 35 27 
pyBG app. bin=int_size/5
percent_error 0.022458451135570285 0.057755051948806764 0.09683625678490596 0.09348325864218684 0.0841881293430985 0.06035848196209924 0.051573433550012905 0.06441382449690466 0.04940169554623678 
ms_error 0.0003500929859849166 0.0018242637546003408 0.0036179940787846184 0.008885493355647865 0.012373433028757395 0.022692729360909478 0.023568319257975354 0.024284832451089193 0.024654225049301544 
abs_error 0.0035218625543455674 0.007505201399457676 0.012309842342359665 0.016842233798799965 0.020967807776048095 0.02560488050500332 0.02714634473678435 0.027945446483039177 0.028931636871284094 
num_actual_0 220 307 242 132 96 34 33 35 26 
pyBG app. bin=int_size/10
percent_error 0.007315957377538087 0.019858827818455296 0.035303886400173595 0.03636392509374762 0.02998308407594035 0.02750185076181638 0.02580948004443696 0.044411050067785486 0.02539488540417828 
ms_error 3.2029604021645554e-05 0.00014650136219147213 0.0004467395562390289 0.000914343376868312 0.001337312616139152 0.002797855513252555 0.0038381323900840256 0.004679334212065944 0.004147163762786362 
abs_error 0.0009609556133541193 0.0021485940893220066 0.0039198271152559045 0.005361985271294227 0.006809856302276043 0.010497272826954498 0.011990105241598985 0.01248702950063108 0.012578225347128711 
num_actual_0 99 152 138 73 51 21 17 20 11 
pyBG app. bin=int_size/20
percent_error 0.0016887781894613502 0.006189212945783212 0.011247327148933457 0.010623866070215695 0.009110213478541554 0.008791967048043399 0.010271736543400417 0.016395222896281193 0.012844980054049094 
ms_error 3.002343298242196e-06 9.356092447955071e-06 4.320540784983793e-05 6.57197735749811e-05 0.00013657434290885245 0.00027534698874847745 0.0003891007356443128 0.0006308855277511579 0.0008754093539116399 
abs_error 0.00024889650582632654 0.0005579693787038414 0.0011298041834869156 0.0015489576789388924 0.0020983689927041725 0.0034326058521697194 0.004370323970083563 0.005137311201589047 0.005757102011871236 
num_actual_0 38 60 75 44 28 14 9 10 4 
