100 250 500 750 1000 2500 5000 10000 50000 100000
pyBW app.
percent_error 0.0 0.0 0.0 0.0 0.15233450485053998 0.04989009006266934 0.08818678501776638 0.03167134581380761 0.019875184678212192 0.02592056185185822 
ms_error 0.0 0.0 0.0 0.0 0.0061045457534566775 0.0010261460392684235 0.002717100710859201 0.0006539071935220201 0.000282805886015192 0.0005208040300656376 
abs_error 0.0 0.0 0.0 0.0 0.051975100693313674 0.0214325618857396 0.03614077923251802 0.01691175817487212 0.011201603673340057 0.014798190475251658 
not_included 0 0 0 0 105 32 45 1 2 1 
pyBG app. bin=int_size/5
percent_error 0.023113802660019802 0.04447055942282872 0.05746148488103116 0.05486535391394536 0.057731148097806786 0.05154466884221624 0.059832833577711825 0.032191565500853406 0.02329391788888809 0.018271697404168383 
ms_error 0.00010271971624394221 0.00026196594478400176 0.0005466375129895057 0.0007933300955306512 0.0009993334030823466 0.0010509561428370014 0.0008560227842587089 0.0007173397034354505 0.0004198442211630997 0.00025511166133796966 
abs_error 0.004875851918277145 0.009437268640321583 0.014768953118351937 0.01845515145864599 0.020647514982493915 0.021609900423274157 0.01936534063132719 0.017302303700723717 0.013010507636808475 0.010511151249389146 
not_included 233 255 144 79 53 27 37 1 2 0 
pyBG app. bin=int_size/10
percent_error 0.007093640534088358 0.01470539206115635 0.01885797602946945 0.018877476025333125 0.021074619161137825 0.02509229320248952 0.030924009270694656 0.01814262556460452 0.012943439190422424 0.011308965286132986 
ms_error 1.27740896889308e-05 3.365054963414643e-05 6.690603567108742e-05 0.00010083361130543419 0.00013348408278673465 0.0002720974457616488 0.0002639122875708295 0.00021191175094911472 0.00014039885610819475 0.00010921483940878727 
abs_error 0.001404407044208051 0.0029140572922632686 0.004798411467174173 0.006258098449739668 0.0073396885772293785 0.010965571718081392 0.010818134024400293 0.009742801518753143 0.0073826964468043 0.0064836870123360715 
not_included 122 127 69 47 30 19 14 1 1 0 
pyBG app. bin=int_size/20
percent_error 0.001791710970301927 0.004841075331305848 0.00651172537687088 0.0053995193896863225 0.007095984308886303 0.010279813580195286 0.018003366921741655 0.01007963745444734 0.007257886770358557 0.006324747974337771 
ms_error 1.6820080952386316e-06 3.7047689592916168e-06 8.484129140297587e-06 1.1632471885788365e-05 1.6728878462180612e-05 4.3610374065633365e-05 7.032465532904187e-05 6.353038750122651e-05 4.188136767226257e-05 3.2794483089477395e-05 
abs_error 0.00037874272513985577 0.0008052541354401658 0.001466832821783304 0.0019537357900602866 0.002411794582080304 0.0042764067812629415 0.005547418634510384 0.00534904274014739 0.004067917150775761 0.0036306725109856927 
not_included 57 63 39 23 21 11 8 0 0 0 
