100 250 500 750 1000 2500 5000 10000 50000 100000
pyBW exact
0.571075439453125 0.5763473510742188 0.5822618007659912 0.5877752304077148 0.593641996383667 0.6252124309539795 0.671759843826294 0.7658026218414307 1.4571726322174072 2.317309617996216
pyBW app.
0.5730547904968262 0.578488826751709 0.5837209224700928 0.5890953540802002 1.094545841217041 1.1005744934082031 1.1521966457366943 1.1552951335906982 1.072587251663208 1.0609040260314941
pyBG exact
0.0014660358428955078 0.0018887519836425781 0.0021600723266601562 0.002355337142944336 0.0025217533111572266 0.0034170150756835938 0.004695892333984375 0.007205486297607422 0.026941776275634766 0.0514674186706543
pyBG app. bin=int_size/5
0.0006473064422607422 0.0006597042083740234 0.0006160736083984375 0.0006082057952880859 0.0005922317504882812 0.0005195140838623047 0.00045752525329589844 0.00038433074951171875 0.00029015541076660156 0.0002777576446533203
pyBG app. bin=int_size/10
0.0011339187622070312 0.0010824203491210938 0.0010001659393310547 0.0009121894836425781 0.0008978843688964844 0.0007996559143066406 0.000682830810546875 0.0005667209625244141 0.00037789344787597656 0.0003368854522705078
pyBG app. bin=int_size/20
0.0015022754669189453 0.0013225078582763672 0.0011105537414550781 0.001252889633178711 0.0011608600616455078 0.0010449886322021484 0.0009393692016601562 0.0007801055908203125 0.0005292892456054688 0.0005385875701904297
