100000 200000 300000 400000 500000 600000 700000 800000 900000 1000000
pyBW exact
5.811876058578491 11.635804414749146 17.450955390930176 23.250282764434814 29.10511565208435 34.89505362510681 40.77418661117554 46.50827121734619 52.39671587944031 58.13745713233948
pyBW app.
5.831005573272705 11.655318021774292 17.487554788589478 23.310926914215088 29.164477109909058 34.991238832473755 40.87988352775574 46.640390157699585 52.52881693840027 58.3013858795166
pyBG exact
0.020134925842285156 0.040450096130371094 0.06051301956176758 0.0805666446685791 0.09994149208068848 0.11954593658447266 0.14007163047790527 0.15961551666259766 0.17927908897399902 0.1992192268371582
pyBG app. bin=100
0.005667209625244141 0.011167049407958984 0.01670217514038086 0.0222470760345459 0.027827739715576172 0.033624887466430664 0.03945660591125488 0.04469943046569824 0.04998493194580078 0.055381059646606445
pyBG app. bin=50
0.009361028671264648 0.018505096435546875 0.027945995330810547 0.03680419921875 0.04605293273925781 0.0550990104675293 0.06466484069824219 0.07346248626708984 0.08266282081604004 0.09190058708190918
pyBG app. bin=25
0.011750936508178711 0.023336172103881836 0.034906625747680664 0.046416521072387695 0.05884885787963867 0.07078862190246582 0.08161520957946777 0.09280037879943848 0.10455751419067383 0.11661052703857422
