100 250 500 750 1000 2000 3000 4000 5000
pyBW exact
0.537132740020752 0.5427706241607666 0.5460119247436523 0.5513653755187988 0.5582675933837891 0.5759499073028564 0.5945336818695068 0.6119832992553711 0.628864049911499
pyBW app.
0.5365719795227051 0.5434813499450684 0.5485734939575195 0.5530679225921631 1.0500741004943848 1.0524649620056152 1.0568397045135498 1.1021537780761719 1.10443115234375
pyBG exact
0.0020074844360351562 0.002498149871826172 0.002816915512084961 0.0029773712158203125 0.003142833709716797 0.003810405731201172 0.004354000091552734 0.0048370361328125 0.005332231521606445
pyBG app. bin=int_size/5
0.0011925697326660156 0.0010597705841064453 0.001012563705444336 0.0009710788726806641 0.0009739398956298828 0.0008349418640136719 0.0007679462432861328 0.0007205009460449219 0.0006809234619140625
pyBG app. bin=int_size/10
0.0014870166778564453 0.0012888908386230469 0.001264333724975586 0.001180410385131836 0.0012142658233642578 0.0010650157928466797 0.0010361671447753906 0.0009307861328125 0.0008933544158935547
pyBG app. bin=int_size/20
0.0019066333770751953 0.0016791820526123047 0.0014934539794921875 0.0014557838439941406 0.0014467239379882812 0.001344919204711914 0.0012965202331542969 0.0012459754943847656 0.001192331314086914
