100 250 500 750 1000 2000 3000 4000 5000
pyBW app.
percent_error 0.0 0.0 0.0 0.0 0.15233450485053998 0.05882815190736855 0.04028219371403241 0.09920533827922368 0.08818678501776638 
ms_error 0.0 0.0 0.0 0.0 0.0061045457534566775 0.0014810138289057357 0.0007274508136470566 0.0043116066518008875 0.002717100710859201 
abs_error 0.0 0.0 0.0 0.0 0.051975100693313674 0.02599711245323407 0.01811870870334442 0.04258013644186575 0.03614077923251802 
not_included 0 0 0 0 105 47 27 56 45 
pyBG app. bin=int_size/5
percent_error 0.023113806884065623 0.04447056126765632 0.05746148587471407 0.05486535462037245 0.05773114835344795 0.04983817301929338 0.049264358138833425 0.0456237342362229 0.05983283349037578 
ms_error 0.00010271987979944326 0.00026196619025491326 0.0005466377087972117 0.0007933302064588706 0.0009993334369653808 0.0010339609633161107 0.0010252961353292007 0.0009639582947707722 0.0008560228640964031 
abs_error 0.004875859049168565 0.009437270166454773 0.014768954516054245 0.018455152428716634 0.020647515027995684 0.021424512925486004 0.02136915032851046 0.02035280463965413 0.01936534099968275 
not_included 233 255 144 79 53 33 32 22 37 
pyBG app. bin=int_size/10
percent_error 0.007093647482534375 0.014705396095560617 0.01885797845237277 0.018877477638322645 0.02107462013891637 0.024253085638102398 0.02655715700391808 0.024999740712190393 0.030924009261763793 
ms_error 1.2774144443527704e-05 3.3650462069620235e-05 6.690606603675153e-05 0.00010083365495760222 0.0001334841085192369 0.00024321885055814335 0.0002877585063323341 0.00026875016138465667 0.00026391230766534084 
abs_error 0.0014044151756627977 0.00291405978691 0.004798413279032542 0.006258099894352974 0.007339689055057581 0.010315256746562874 0.011234669796932023 0.010921414872173107 0.010818134199150155 
not_included 122 127 69 47 30 19 20 10 14 
pyBG app. bin=int_size/20
percent_error 0.0017917202701687165 0.004841082035221841 0.006511729690143576 0.005399522311756597 0.0070959864524519954 0.008211469421318519 0.010819112574908632 0.012527824146251983 0.01800336706323919 
ms_error 1.682018859283561e-06 3.70475200855043e-06 8.484117489405702e-06 1.1632488914253568e-05 1.6728882811886615e-05 3.285417444505514e-05 5.06870610411138e-05 6.245647961271108e-05 7.032466607395792e-05 
abs_error 0.0003787506415503275 0.0008052579480628577 0.0014668353388953134 0.0019537373959149567 0.0024117959181122876 0.003680052635447376 0.004731051432437167 0.0053006904458462786 0.005547418794859169 
not_included 57 63 39 23 21 9 9 6 8 
