100000 200000 300000 400000 500000 600000 700000 800000 900000 1000000
pyBW exact
5.456228017807007 10.879177570343018 16.290369033813477 21.714656591415405 27.129868030548096 32.536200523376465 37.94447588920593 43.29699492454529 48.653578996658325 54.09262657165527
pyBW app.
5.476881980895996 10.936261892318726 16.344602823257446 21.790096044540405 27.23683452606201 32.627732038497925 38.03930616378784 43.425684213638306 48.8477578163147 54.245107889175415
pyBG exact
0.02730393409729004 0.05386185646057129 0.07916522026062012 0.10407829284667969 0.1290736198425293 0.15397906303405762 0.17757844924926758 0.20214223861694336 0.22707271575927734 0.2517423629760742
pyBG app. bin=100
0.009129762649536133 0.018274307250976562 0.027750492095947266 0.03679656982421875 0.04523110389709473 0.055167436599731445 0.06363892555236816 0.07201886177062988 0.08088850975036621 0.08910131454467773
pyBG app. bin=50
0.011260509490966797 0.02210402488708496 0.03427886962890625 0.04609227180480957 0.05691933631896973 0.06807947158813477 0.07883620262145996 0.0899209976196289 0.10051369667053223 0.11115908622741699
pyBG app. bin=25
0.014397144317626953 0.028079986572265625 0.042200565338134766 0.056318044662475586 0.06989574432373047 0.0819249153137207 0.09634757041931152 0.11070442199707031 0.12279248237609863 0.13591361045837402
