100 250 500 750 1000 2000 3000 4000 5000
pyBW exact
0.558279275894165 0.5629706382751465 0.5665037631988525 0.5734286308288574 0.5770473480224609 0.592942476272583 0.6046042442321777 0.6183919906616211 0.6301391124725342
pyBW app.
0.562119722366333 0.5682046413421631 0.5705714225769043 0.5754268169403076 0.5794405937194824 1.1167783737182617 1.1190919876098633 1.1196253299713135 1.1222777366638184
pyBG exact
0.0014357566833496094 0.0019767284393310547 0.0023310184478759766 0.002549409866333008 0.0028009414672851562 0.0032787322998046875 0.003610372543334961 0.004004478454589844 0.00439906120300293
pyBG app. bin=int_size/5
0.0012629032135009766 0.0011212825775146484 0.0010259151458740234 0.0009922981262207031 0.0009658336639404297 0.0008709430694580078 0.0008063316345214844 0.0007519721984863281 0.0007843971252441406
pyBG app. bin=int_size/10
0.0015366077423095703 0.0013470649719238281 0.0012323856353759766 0.0012314319610595703 0.0012111663818359375 0.001155853271484375 0.0010349750518798828 0.0009751319885253906 0.0009248256683349609
pyBG app. bin=int_size/20
0.0019235610961914062 0.0017688274383544922 0.001554250717163086 0.0015211105346679688 0.001451730728149414 0.0013985633850097656 0.0013325214385986328 0.0014376640319824219 0.0012521743774414062
