100 250 500 750 1000 2000 3000 4000 5000
pyBW app.
percent_error 0.0 0.0 0.0 0.0 0.0 0.1391071775352472 0.07981196340534215 0.06797031059304406 0.04960462943095707 
ms_error 0.0 0.0 0.0 0.0 0.0 0.1804914039392055 0.06931333213566554 0.04089785858710227 0.019665926890003824 
abs_error 0.0 0.0 0.0 0.0 0.0 0.07292616551824256 0.047922384731990626 0.03638302827021221 0.02690543210873884 
num_actual_0 0 0 0 0 0 73 42 35 27 
pyBG app. bin=int_size/5
percent_error 0.0527893591427108 0.10849984653453519 0.13736433261506464 0.1421171416036473 0.14127092951387896 0.12851691415436245 0.11787629914958016 0.1081199301962315 0.10316078841661977 
ms_error 0.02896690401878419 0.10714651550461149 0.18608426673008502 0.213022435646748 0.28084415901730675 0.3442014939587593 0.42856130694375844 0.40269492659618744 0.4209344383376265 
abs_error 0.029750806372842283 0.05794666279155248 0.07446078625161391 0.07870699341612164 0.08447926713824694 0.09415760031331727 0.10940332691935173 0.11072550994553292 0.11508359822107761 
num_actual_0 0 0 0 0 0 0 0 0 0 
pyBG app. bin=int_size/10
percent_error 0.02994548310077133 0.062262625207371025 0.0786963549309517 0.07989907374884396 0.08099097067204805 0.07445147967766164 0.0694936938809176 0.06497402295307783 0.0636801249511952 
ms_error 0.007036532980573422 0.02474540176868336 0.04650577771145026 0.05433097546458777 0.06905681887365729 0.09303259240512983 0.11188885297720033 0.12668853370322558 0.11575392403759056 
abs_error 0.013634963942454155 0.028121993141577498 0.036817088184748784 0.03983217460316229 0.0426879348166346 0.050750758007850554 0.05570326426427104 0.06163162177460274 0.06099103776797817 
num_actual_0 0 0 0 0 0 0 0 0 0 
pyBG app. bin=int_size/20
percent_error 0.015904215871954275 0.03349124223978987 0.042934690625231066 0.040394630952265996 0.04340795751042336 0.04141833327628077 0.03924436207074485 0.03802169834646796 0.03754736065818022 
ms_error 0.0011028830491673117 0.00460683196096032 0.010764698196834736 0.010582929913140837 0.017686179654726804 0.022288738176888367 0.031213150533666748 0.02944388520652268 0.02729437720713838 
abs_error 0.005383145957301892 0.012698663440684864 0.01769569348999213 0.017401145070774206 0.021508665374566423 0.025227298440073646 0.02934427534785868 0.03015022861407669 0.03153435587125878 
num_actual_0 0 0 0 0 0 0 0 0 0 
