100000 200000 300000 400000 500000 600000 700000 800000 900000 1000000
pyBW exact
5.654881954193115 11.280436038970947 16.927783012390137 22.533876180648804 28.162071466445923 33.79266953468323 39.388039350509644 44.989710569381714 50.6418936252594 56.226160526275635
pyBW app.
5.693177700042725 11.366830825805664 17.016271352767944 22.683306217193604 28.32013726234436 33.989392042160034 39.57805681228638 45.23899221420288 50.87777662277222 56.56852459907532
pyBG exact
0.022959232330322266 0.04478287696838379 0.06688547134399414 0.08826732635498047 0.10892963409423828 0.129927396774292 0.14997553825378418 0.16995787620544434 0.1917736530303955 0.2127087116241455
pyBG app. bin=100
0.009079456329345703 0.018509387969970703 0.028809547424316406 0.037760019302368164 0.04709219932556152 0.05576658248901367 0.06550025939941406 0.07451653480529785 0.0815134048461914 0.09181833267211914
pyBG app. bin=50
0.011605024337768555 0.023351430892944336 0.0345921516418457 0.04569673538208008 0.05625033378601074 0.06886005401611328 0.08018636703491211 0.0907745361328125 0.10329890251159668 0.11311626434326172
pyBG app. bin=25
0.014428138732910156 0.028493404388427734 0.04241037368774414 0.057225942611694336 0.07019209861755371 0.08426809310913086 0.09749531745910645 0.1106407642364502 0.12390494346618652 0.1368579864501953
