100 250 500 750 1000 2000 3000 4000 5000
pyBW exact
1.864516019821167 1.6948213577270508 1.7360270023345947 1.6220335960388184 1.765981912612915 1.7951018810272217 1.7660212516784668 1.6857364177703857 1.851086139678955
pyBG exact
0.010345697402954102 0.007450580596923828 0.007668972015380859 0.008230209350585938 0.008688211441040039 0.009786605834960938 0.011062383651733398 0.011581182479858398 0.012646675109863281
pyBW app.
1.5320916175842285 1.5509910583496094 1.752760887145996 1.6779139041900635 1.9843835830688477 2.004027843475342 1.872281789779663 1.7343215942382812 1.6948187351226807
pyBG app. bin=int_size/5
0.002134084701538086 0.0014231204986572266 0.0013201236724853516 0.001232147216796875 0.0011982917785644531 0.0011398792266845703 0.0010988712310791016 0.0009679794311523438 0.0009477138519287109
pyBG app. bin=int_size/10
0.0019183158874511719 0.0016489028930664062 0.0015556812286376953 0.0014805793762207031 0.0014259815216064453 0.0013310909271240234 0.001275777816772461 0.0012333393096923828 0.00116729736328125
pyBG app. bin=int_size/20
0.002379179000854492 0.0022127628326416016 0.0019266605377197266 0.0018715858459472656 0.0018358230590820312 0.0018069744110107422 0.0016884803771972656 0.0016210079193115234 0.0015685558319091797
