100 250 500 750 1000 2000 3000 4000 5000
pyBW app.
percent_error 0.0 0.0 0.0 0.0 0.1125229884759832 0.05603937441755066 0.03971634521400526 0.08892224194134277 0.06567272540694802 
ms_error 0.0 0.0 0.0 0.0 0.004139630921344646 0.0010790674589486369 0.0005545738873718742 0.0022000932482530485 0.001222419386871348 
abs_error 0.0 0.0 0.0 0.0 0.04427791201699049 0.022778717002622434 0.01455760300537282 0.030404435534730448 0.023540340949669364 
num_actual_0 0 0 0 0 124 55 29 89 79 
pyBG app. bin=int_size/5
percent_error 0.029140358874360867 0.04839375172168825 0.05871362950772767 0.06616443469265051 0.05427478403481016 0.04831776515842844 0.058311797118273036 0.04748470196578564 0.05384432905002356 
ms_error 0.0001646003675899627 0.00035185067411584633 0.0007750126193535597 0.0010331722249604471 0.0011497039206841621 0.000908763608503993 0.0008625951832333795 0.0006904682947655985 0.0005400613915494747 
abs_error 0.006454797471410875 0.01133351565176121 0.017845196959357008 0.020627445071527757 0.02127898477935142 0.019917298107472035 0.01851788687077766 0.016874426057199472 0.01555050309088358 
num_actual_0 226 171 107 84 60 55 49 41 51 
pyBG app. bin=int_size/10
percent_error 0.008976429484671632 0.016040999627981983 0.018804636587424903 0.02619677869307651 0.023228772000315662 0.026543849892473572 0.03222797013859217 0.02850117328103898 0.0320057546688539 
ms_error 1.9116126590777738e-05 4.5479363292171664e-05 9.298791785567732e-05 0.00014600980814272662 0.00020937507284561624 0.00027473237458630774 0.00026416654499445487 0.00022870789826679428 0.00021588191042767185 
abs_error 0.0018675273900669196 0.0036721935128804376 0.005864735632886605 0.007596729978529109 0.00909358859201877 0.010677905279116462 0.010671717956722653 0.009953802960528878 0.009425150916909408 
num_actual_0 115 82 59 44 32 27 25 19 26 
pyBG app. bin=int_size/20
percent_error 0.0023037077039926583 0.004281688828207208 0.006038418997523425 0.006895235482212066 0.00761383508549184 0.011083508204099105 0.014073942864549039 0.017487091004864203 0.013058083653141568 
ms_error 2.4905790549328005e-06 5.049194814060875e-06 1.1413310878300442e-05 1.6190290679439055e-05 2.5131631476089532e-05 5.0383204534216185e-05 6.388703711144497e-05 6.481269691791592e-05 6.924629133069151e-05 
abs_error 0.0005060681687923015 0.0010469098843096446 0.0018515484879829615 0.002444476725625404 0.002976649075353416 0.0045355779004403384 0.005234228774609821 0.0053136214856987305 0.005409822693924671 
num_actual_0 56 38 31 23 16 13 15 10 12 
