100000 200000 300000 400000 500000 600000 700000 800000 900000 1000000
pyBW exact
15.594137907028198 29.374537706375122 47.775927782058716 65.42411136627197 78.43937182426453 94.33032631874084 106.6914656162262 131.6691710948944 138.0487072467804 154.71098399162292
pyBG exact
0.07217860221862793 0.1507108211517334 0.2181229591369629 0.2969367504119873 0.36980295181274414 0.44463229179382324 0.4945383071899414 0.5783891677856445 0.6384856700897217 0.6918585300445557
pyBW app.
16.828280448913574 28.975358486175537 47.58720064163208 62.57395815849304 77.66221904754639 93.22247004508972 109.98133683204651 129.84473609924316 144.94649696350098 152.07468724250793
pyBG app. bin=100
0.014047384262084961 0.016672134399414062 0.02466750144958496 0.033535003662109375 0.042916059494018555 0.050687313079833984 0.05968284606933594 0.06718277931213379 0.07573485374450684 0.08451199531555176
pyBG app. bin=50
0.0131683349609375 0.023677587509155273 0.035761117935180664 0.04802227020263672 0.05971550941467285 0.07287192344665527 0.08637833595275879 0.09749555587768555 0.10991859436035156 0.12481260299682617
pyBG app. bin=25
0.016544818878173828 0.03223252296447754 0.04847240447998047 0.06615471839904785 0.0823976993560791 0.0963752269744873 0.11194181442260742 0.12805819511413574 0.1439673900604248 0.15999555587768555
100000 200000 300000 400000 500000 600000 700000 800000 900000 1000000
pyBW exact

pyBG exact
2.956390380859375e-05 2.9325485229492188e-05 3.647804260253906e-05 3.2901763916015625e-05 3.5762786865234375e-05 3.528594970703125e-05 3.9577484130859375e-05 4.076957702636719e-05 3.981590270996094e-05 4.029273986816406e-05
pyBW app.

100000 200000 300000 400000 500000 600000 700000 800000 900000 1000000
pyBW exact

pyBG exact
0.024185657501220703 0.04749178886413574 0.07047748565673828 0.0938720703125 0.11739420890808105 0.14049553871154785 0.16381120681762695 0.18775629997253418 0.21029090881347656 0.23400378227233887
pyBW app.

